210819 00 00 35.058367 003  0.00  0.00  2.03  9.15 45.40 195.79  0.00 -3  0.26 -1
210819 00 01 01.010969 002  0.00  0.00 13.71 10.42  0.50 180.00 1000000.00 -3  0.45 -1
210819 00 01 08.937153 003  0.00  0.00 13.37 10.49 31.20 23.37  0.00 -3  1.09 00
210819 00 03 56.473008 002  0.00  0.00 12.99 10.05  0.50 180.00 1000000.00 -3  0.79 -2
210819 00 06 11.916395 002  0.00  0.00 17.32 25.31  0.50 180.00 1000000.00 -3  0.00 -2
210819 00 07 11.214270 002  0.00  0.00 13.00  8.10  0.50 180.00 1000000.00 -3  1.33 -2
210819 00 09 28.912876 002  0.00  0.00  6.45 18.01  0.50 180.00 1000000.00 -3  0.00 -2
210819 00 20 45.007470 003  0.00  0.00  8.71 15.41  8.11 154.93  0.00 -3  1.56 -1
210819 00 21 16.285149 003  0.00  0.00  5.91  9.21 24.32 168.13  0.00 -3  0.17 -1
210819 00 22 24.519836 002  0.00  0.00 15.45 15.49  0.50 180.00 1000000.00 -3  1.37 -1
210819 00 24 49.651004 004  1.96  7.35  2.04 12.81 41.32 56.01  0.00 -2  2.39 00
210819 00 29 52.027915 002  0.00  0.00  5.74 18.26  0.50 180.00 1000000.00 -3  0.00 -2
210819 00 32 17.035973 001  0.00  0.00 19.99  6.99  0.50 180.00 1000000.00 -4 1000000.00 -3
210819 00 33 24.760094 001  0.00  0.00 12.98  2.99  0.50 180.00 1000000.00 -4 1000000.00 -3
210819 00 34 20.557459 002  0.00  0.00 21.00  8.30  0.50 180.00 1000000.00 -3  0.00 -2
210819 00 37 12.265678 006  1.71  6.74 20.37 12.86 40.09 145.19  0.16 00  2.06 02
210819 00 38 48.217859 002  0.00  0.00  2.66 16.42  0.50 180.00 1000000.00 -3  0.20 -1
210819 00 40 36.207771 002  0.00  0.00  7.16 15.59  0.50 180.00 1000000.00 -3  0.00 -2
210819 00 57 23.973700 005  1.66  5.89  2.91 14.04 22.81 210.04  0.02 -1  0.95 01
210819 00 59 41.816602 003  0.00  0.00 17.70  7.34 14.56 172.09  0.00 -3  0.03 -1
210819 01 01 32.564915 002  0.00  0.00 13.54 18.54  0.50 180.00 1000000.00 -3  0.52 -1
210819 01 02 38.062237 003  0.00  0.00 15.11 10.20 40.75 254.80  0.00 -3  0.02 -1
210819 01 06 35.555206 005  2.53  9.00 17.92  7.67 26.19 316.61  0.06 -1  1.55 01
210819 01 09 24.560706 004  1.24  4.59 20.93 12.18 38.54 44.83  0.00 -2  1.81 00
210819 01 09 48.745389 001  0.00  0.00  4.99  7.01  0.50 180.00 1000000.00 -4 1000000.00 -3
210819 01 09 48.767541 002  0.00  0.00 17.86  8.99  0.50 180.00 1000000.00 -3  4.22 -1
210819 01 10 33.771325 004  0.55  2.31 19.65 18.46 22.28 109.29  0.00 -2  2.96 01
210819 01 10 45.768410 002  0.00  0.00 20.97 15.00  0.50 180.00 1000000.00 -3  0.92 -2
210819 01 14 39.440452 002  0.00  0.00 13.24 25.58  0.50 180.00 1000000.00 -3  0.00 -2
210819 01 14 50.274185 003  0.00  0.00 19.81 22.97 31.71 37.75  0.00 -3  2.57 -1
210819 01 28 20.355716 002  0.00  0.00  3.00 14.64  0.50 180.00 1000000.00 -3  0.00 -2
210819 01 28 43.663158 001  0.00  0.00 14.00 17.00  0.50 180.00 1000000.00 -4 1000000.00 -3
210819 01 29 39.176088 002  0.00  0.00 11.19 17.56  0.50 180.00 1000000.00 -3  0.00 -2
210819 01 32 38.181235 003  0.00  0.00  9.63  4.70 52.45 103.92  0.00 -3  0.26 -1
210819 01 32 43.829129 002  0.00  0.00 12.25  9.00  0.50 180.00 1000000.00 -3  0.00 -2
210819 01 32 52.070092 002  0.00  0.00 19.60 15.99  0.50 180.00 1000000.00 -3  0.00 -2
210819 01 33 08.577919 002  0.00  0.00 20.36 12.63  0.50 180.00 1000000.00 -3  0.01 -1
210819 01 34 47.294361 002  0.00  0.00  6.16 18.01  0.50 180.00 1000000.00 -3  0.00 -2
210819 01 36 19.412423 003  0.00  0.00  2.36  9.29 77.61 273.78  0.00 -3  2.43 -1
210819 01 38 14.462312 005  1.63  5.72 10.97  9.09 22.59 357.91  0.74 -1  1.99 01
210819 01 38 15.630017 001  0.00  0.00  1.01 13.04  0.50 180.00 1000000.00 -4 1000000.00 -3
210819 01 39 27.827945 002  0.00  0.00 10.49 19.01  0.50 180.00 1000000.00 -3  0.00 -2
210819 01 40 56.301934 003  0.00  0.00  6.13 16.77 87.58 171.76  0.00 -3  1.00 -1
210819 01 43 33.442493 003  0.00  0.00  4.24  4.61 13.84 331.99  0.00 -3  0.07 -1
210819 01 43 42.186999 001  0.00  0.00  5.98  5.01  0.50 180.00 1000000.00 -4 1000000.00 -3
210819 01 45 45.735449 001  0.00  0.00 15.02 26.00  0.50 180.00 1000000.00 -4 1000000.00 -3
210819 01 46 21.186037 004  0.83  2.73  3.67 16.74 26.12  4.70  0.53 -2  0.46 00
210819 01 47 34.758220 004  1.80  6.84 19.38 14.31 30.58 174.62  0.00 -2  5.05 00
210819 01 48 28.531694 002  0.00  0.00  8.00 15.44  0.50 180.00 1000000.00 -3  0.00 -2
210819 01 58 41.250599 004  0.97  3.23 10.04 23.20 23.27 352.94  0.00 -2  4.29 00
210819 02 00 01.044151 003  0.00  0.00  3.60 13.14 27.64 224.53  0.00 -3  0.57 -1
210819 02 01 56.672817 002  0.00  0.00  5.98  4.28  0.50 180.00 1000000.00 -3  0.00 -2
210819 02 01 57.951285 003  0.00  0.00 18.22  8.46 26.85 111.71  0.00 -3  1.58 00
210819 02 04 28.129882 001  0.00  0.00 14.01 19.00  0.50 180.00 1000000.00 -4 1000000.00 -3
210819 02 06 28.478760 003  0.00  0.00 15.22 16.30 21.83 54.82  0.00 -3  1.07 -1
210819 02 08 54.221076 002  0.00  0.00 11.46 13.81  0.50 180.00 1000000.00 -3  1.13 -2
210819 02 10 46.811485 001  0.00  0.00 17.01 22.00  0.50 180.00 1000000.00 -4 1000000.00 -3
210819 02 12 08.035439 003  0.00  0.00 20.92 12.12 66.16 329.50  0.00 -3  1.88 -1
210819 02 19 32.452443 001  0.00  0.00 20.00  8.99  0.50 180.00 1000000.00 -4 1000000.00 -3
210819 02 23 28.670473 003  0.00  0.00  9.64 18.83 55.91 165.55  0.00 -3  2.67 00
210819 02 33 10.382790 004  0.61  2.29  2.52 15.52 36.77 47.38  0.00 -2  0.08 01
210819 02 33 49.961646 003  0.00  0.00 11.31 13.68 53.60 182.07  0.00 -3  0.69 -1
210819 02 39 14.700250 002  0.00  0.00 10.28  3.32  0.50 180.00 1000000.00 -3  0.00 -2
210819 02 41 23.838782 002  0.00  0.00 21.27 16.31  0.50 180.00 1000000.00 -3  0.05 -1
210819 02 42 30.679557 002  0.00  0.00 12.00 16.48  0.50 180.00 1000000.00 -3  0.00 -2
210819 02 43 20.249096 003  0.00  0.00 20.90 16.98 13.45 199.81  0.00 -3  0.23 -1
210819 02 48 39.578955 002  0.00  0.00 13.46 10.47  0.50 180.00 1000000.00 -3  0.57 -1
210819 02 49 27.191038 002  0.00  0.00 19.56 16.31  0.50 180.00 1000000.00 -3  0.43 -1
210819 03 01 23.888950 006  1.14  4.39 19.31  7.95 41.12 63.40  0.95 00  8.64 02
210819 03 03 29.817905 003  0.00  0.00  3.78 16.71 71.29 69.78  0.00 -3  0.10 -1
210819 03 05 10.406169 003  0.00  0.00 12.62  7.00 21.13 211.80  0.00 -3  9.76 -1
210819 03 12 00.872632 002  0.00  0.00  5.35  9.77  0.50 180.00 1000000.00 -3  0.00 -2
210819 03 17 32.536812 003  0.00  0.00  9.98 24.62  4.75 155.23  0.00 -3  0.98 -1
210819 03 19 15.701370 003  0.00  0.00 21.99  9.94  4.96 137.65  0.00 -3  1.28 -1
210819 03 20 23.387929 002  0.00  0.00 10.01 20.42  0.50 180.00 1000000.00 -3  0.00 -2
210819 03 23 27.273285 002  0.00  0.00 20.36 23.14  0.50 180.00 1000000.00 -3  0.00 -2
210819 03 26 26.086907 001  0.00  0.00 16.01 18.00  0.50 180.00 1000000.00 -4 1000000.00 -3
210819 03 27 03.659145 002  0.00  0.00 12.70 24.59  0.50 180.00 1000000.00 -3  0.41 -1
210819 03 27 51.489953 002  0.00  0.00 21.50  9.49  0.50 180.00 1000000.00 -3  0.01 -1
210819 03 35 00.050263 004  2.77  9.84 11.98  7.82 18.28 238.98  0.00 -2  1.16 00
210819 03 35 58.243830 002  0.00  0.00  5.27 18.43  0.50 180.00 1000000.00 -3  1.45 -1
210819 03 36 30.392106 003  0.00  0.00 22.45 10.15 74.07 305.84  0.00 -3  0.75 -1
210819 03 41 42.732862 003  0.00  0.00 17.74 15.64 50.82 359.64  0.00 -3  0.62 -1
210819 03 45 04.825178 002  0.00  0.00 23.53  9.47  0.50 180.00 1000000.00 -3  0.56 -1
210819 03 47 46.403979 003  0.00  0.00 17.19  2.99  8.78 109.08  0.00 -3  2.32 -1
210819 03 47 54.314326 002  0.00  0.00  9.99  5.14  0.50 180.00 1000000.00 -3  0.00 -2
210819 03 50 55.409841 001  0.00  0.00 10.99 10.00  0.50 180.00 1000000.00 -4 1000000.00 -3
210819 03 51 59.794020 003  0.00  0.00 18.30 22.40 32.25 152.81  0.00 -3  1.92 00
210819 03 52 18.984601 002  0.00  0.00 14.13  1.29  0.50 180.00 1000000.00 -3  0.00 -2
210819 03 55 34.830993 002  0.00  0.00 15.56 15.00  0.50 180.00 1000000.00 -3  0.00 -2
210819 03 55 55.714177 003  0.00  0.00 21.70 15.40 63.45 177.47  0.00 -3  0.43 -1
210819 03 57 08.842528 006  1.04  4.30 10.55 18.30 50.30 134.81  0.25 00  6.43 03
210819 04 00 00.385897 001  0.00  0.00  7.00 15.01  0.50 180.00 1000000.00 -4 1000000.00 -3
210819 04 01 14.507011 003  0.00  0.00 12.04  1.57  8.50 26.78  0.00 -3  0.88 00
210819 04 01 51.584853 004  1.44  4.83  2.91  5.40 25.56 198.28  0.00 -2  0.58 00
210819 04 03 07.680611 006  2.15  8.14  7.26  2.17 46.48 116.15  0.56 00  2.72 02
210819 04 05 15.104131 004  2.93  9.42 11.80 19.09 32.84 306.16  0.00 -2  3.41 00
210819 04 06 08.128249 003  0.00  0.00  6.19  6.02 59.32 148.38  0.00 -3  0.79 -1
210819 04 07 26.241336 002  0.00  0.00 13.69  9.70  0.50 180.00 1000000.00 -3  2.18 -2
210819 04 09 22.895803 002  0.00  0.00  7.46  2.52  0.50 180.00 1000000.00 -3  0.10 -1
210819 04 13 20.904564 003  0.00  0.00 18.76  2.63 42.77 153.87  0.00 -3  0.07 -1
210819 04 15 25.234052 003  0.00  0.00 14.95 25.22 23.98 81.87  0.00 -3  0.64 -1
210819 04 16 42.220491 003  0.00  0.00  8.94  6.97 14.73 319.24  0.00 -3  0.01 -1
210819 04 16 50.795222 002  0.00  0.00 14.01 23.28  0.50 180.00 1000000.00 -3  0.00 -2
210819 04 27 53.987331 005  0.17  1.40  9.61 18.55 28.63 97.20  0.02 -1  1.20 02
210819 04 29 04.271926 003  0.00  0.00 15.22 24.34 25.74 278.07  0.00 -3  0.25 -1
210819 04 32 21.885955 002  0.00  0.00  8.50  4.97  0.50 180.00 1000000.00 -3  0.00 -2
210819 04 32 45.721852 007  6.83 22.39  9.65  3.89 53.12 138.37  0.38 01  4.95 02
210819 04 38 45.149428 002  0.00  0.00 16.52  2.99  0.50 180.00 1000000.00 -3  0.00 -2
210819 04 41 47.770301 002  0.00  0.00  8.01 20.01  0.50 180.00 1000000.00 -3  0.00 -2
210819 04 45 12.336291 002  0.00  0.00 20.00  8.19  0.50 180.00 1000000.00 -3  0.00 -2
210819 04 47 05.751918 002  0.00  0.00 21.31 11.15  0.50 180.00 1000000.00 -3  1.24 -1
210819 04 52 13.866370 005  0.60  2.32 12.51 10.62 14.43 238.14  0.40 -1  2.77 02
210819 04 52 48.446195 002  0.00  0.00  9.49  2.49  0.50 180.00 1000000.00 -3  0.03 -1
210819 04 53 36.447670 006  0.04  1.85 12.39  3.35 51.52 319.80  0.36 00  7.32 03
210819 04 55 40.951921 002  0.00  0.00 18.19 15.33  0.50 180.00 1000000.00 -3  1.58 -1
210819 04 56 57.765044 002  0.00  0.00  3.43 13.01  0.50 180.00 1000000.00 -3  0.00 -2
210819 04 59 03.287531 004  1.42  5.46  3.84 14.99 35.45 206.88  0.00 -2  2.08 00
210819 05 01 35.768404 006  1.19  4.63  7.53 20.41 41.23 53.59  1.27 00  5.28 03
210819 05 03 57.228251 002  0.00  0.00  4.98  2.56  0.50 180.00 1000000.00 -3  0.00 -2
210819 05 06 42.966550 003  0.00  0.00  1.41 10.75 21.39 78.89  0.00 -3  1.80 -1
210819 05 08 02.873632 003  0.00  0.00  7.81 17.08 38.63 88.52  0.00 -3  0.56 -1
210819 05 09 02.097363 001  0.00  0.00  9.01 24.01  0.50 180.00 1000000.00 -4 1000000.00 -3
210819 05 09 15.608920 003  0.00  0.00  9.13  7.31 11.63 243.21  0.00 -3  1.30 00
210819 05 11 04.690264 002  0.00  0.00 19.99  7.40  0.50 180.00 1000000.00 -3  0.00 -2
210819 05 11 05.861430 002  0.00  0.00 20.00  7.64  0.50 180.00 1000000.00 -3  0.00 -2
210819 05 11 32.623608 002  0.00  0.00 13.56 11.00  0.50 180.00 1000000.00 -3  0.00 -2
210819 05 16 50.651572 006  3.00 11.35 11.92  1.31 50.10 213.90  0.29 00  1.65 02
210819 05 20 14.672339 003  0.00  0.00 14.58 10.51 22.61 326.57  0.00 -3  1.16 00
210819 05 26 11.869614 009  5.17 17.55 10.69  4.15 53.02 310.44  0.87 03  3.76 05
210819 05 26 51.688900 003  0.00  0.00 11.28 22.19 46.98 308.45  0.00 -3  0.04 -1
210819 05 27 27.744987 002  0.00  0.00 18.54 17.42  0.50 180.00 1000000.00 -3  1.48 -1
210819 05 33 10.127530 002  0.00  0.00  7.10 20.01  0.50 180.00 1000000.00 -3  1.58 -1
210819 05 33 17.573223 002  0.00  0.00  5.76 12.00  0.50 180.00 1000000.00 -3  1.29 -1
210819 05 36 18.192196 007  4.94 14.68 14.63  3.11 33.40 231.71  1.84 01  7.15 03
210819 05 36 34.443966 002  0.00  0.00 11.01 19.33  0.50 180.00 1000000.00 -3  0.00 -2
210819 05 36 38.271151 006  1.32  4.91 14.34  6.91 36.42 101.33  0.32 00  2.37 02
210819 05 39 06.787141 002  0.00  0.00 12.17  8.58  0.50 180.00 1000000.00 -3  0.00 -2
210819 05 41 16.383544 002  0.00  0.00  9.01 19.72  0.50 180.00 1000000.00 -3  0.00 -2
210819 05 45 23.328328 004  0.48  2.13 19.62 12.47 17.42 220.99  0.00 -2  1.71 01
210819 05 45 47.207068 004  1.65  6.30 17.11  9.07 37.99 152.20  0.00 -2  1.16 00
210819 05 49 29.811017 002  0.00  0.00 16.52 27.52  0.50 180.00 1000000.00 -3  0.37 -1
210819 05 50 27.763675 003  0.00  0.00 14.40 12.44 73.06 209.76  0.00 -3  2.03 00
210819 05 52 17.598278 003  0.00  0.00  6.31 16.30 11.50 172.30  0.00 -3  0.02 -1
210819 05 52 53.165195 002  0.00  0.00 13.24  9.76  0.50 180.00 1000000.00 -3  1.21 -2
210819 05 55 22.506217 001  0.00  0.00 17.02 23.00  0.50 180.00 1000000.00 -4 1000000.00 -3
210819 05 55 46.096661 002  0.00  0.00  5.25 16.27  0.50 180.00 1000000.00 -3  0.00 -2
210819 05 55 47.483378 006  3.65 11.78 12.04  8.83 28.46 85.04  1.25 00  2.96 02
210819 06 01 22.405630 002  0.00  0.00 18.99  3.74  0.50 180.00 1000000.00 -3  0.00 -2
210819 06 02 58.511287 004  0.65  2.30 15.58 25.58 12.07 228.78  0.36 -2  0.46 01
210819 06 03 03.647800 003  0.00  0.00  9.91 15.65 31.17 64.60  0.00 -3  0.15 -1
210819 06 03 35.592374 003  0.00  0.00  9.22  1.60 81.94 263.40  0.00 -3  2.27 -1
210819 06 04 01.121249 003  0.00  0.00 18.62 14.46 26.94 17.08  0.00 -3  3.43 00
210819 06 08 16.130869 002  0.00  0.00 11.37 17.00  0.50 180.00 1000000.00 -3  0.00 -2
210819 06 14 48.689408 001  0.00  0.00  7.98  4.01  0.50 180.00 1000000.00 -4 1000000.00 -3
210819 06 18 13.775698 002  0.00  0.00 13.27  3.74  0.50 180.00 1000000.00 -3  0.00 -2
210819 06 18 19.109780 001  0.00  0.00  9.00 15.01  0.50 180.00 1000000.00 -4 1000000.00 -3
210819 06 19 00.915236 004  6.28 10.88 13.36 26.61 57.57 290.70  0.00 -2  1.04 00
210819 06 19 15.564241 001  0.00  0.00 11.01 23.01  0.50 180.00 1000000.00 -4 1000000.00 -3
210819 06 27 46.776476 002  0.00  0.00  8.39  4.09  0.50 180.00 1000000.00 -3  0.38 -1
210819 06 34 38.574511 004  0.77  2.66  6.58 18.53 26.03 234.26  0.00 -2  1.01 01
210819 06 35 09.556906 002  0.00  0.00 14.40 27.01  0.50 180.00 1000000.00 -3  0.00 -2
210819 06 38 42.485819 005  1.09  4.46 22.40 11.83 40.84 308.25  0.00 -1  1.27 01
210819 06 40 35.397770 002  0.00  0.00 13.36  3.35  0.50 180.00 1000000.00 -3  0.07 -1
210819 06 40 41.390719 004  1.12  3.49  8.70 11.34 25.72 265.73  0.00 -2  0.50 00
210819 06 41 06.936034 002  0.00  0.00  9.42 21.34  0.50 180.00 1000000.00 -3  0.23 -1
210819 06 43 53.187846 002  0.00  0.00 12.00 15.04  0.50 180.00 1000000.00 -3  0.00 -2
210819 06 44 33.970029 002  0.00  0.00  6.66  3.33  0.50 180.00 1000000.00 -3  0.00 -2
210819 06 46 12.293729 002  0.00  0.00 19.34 16.66  0.50 180.00 1000000.00 -3  0.00 -2
210819 06 47 13.072142 002  0.00  0.00 20.45 21.41  0.50 180.00 1000000.00 -3  0.66 -1
210819 06 49 39.503432 003  0.00  0.00  8.94 10.11 39.04 25.07  0.00 -3  4.76 00
210819 06 50 13.613868 003  0.00  0.00 11.53 16.27 61.21 256.86  0.00 -3  0.29 -1
210819 06 55 55.200330 001  0.00  0.00  3.99 10.01  0.50 180.00 1000000.00 -4 1000000.00 -3
210819 06 57 36.725057 002  0.00  0.00 22.67  9.74  0.50 180.00 1000000.00 -3  0.00 -1
210819 06 58 00.446289 002  0.00  0.00  8.85 21.01  0.50 180.00 1000000.00 -3  1.20 -1
210819 06 59 20.325770 003  0.00  0.00 16.29 27.84 22.92 275.01  0.00 -3  0.28 -1
210819 07 02 21.090389 004  0.44  2.01  7.46 14.56 31.82 32.04  0.00 -2  0.19 01
210819 07 03 33.044911 005  1.77  5.70  7.29 18.39  6.18 141.92  0.05 -1  7.57 01
210819 07 03 47.452724 002  0.00  0.00 13.22  3.34  0.50 180.00 1000000.00 -3  0.00 -2
210819 07 06 43.474077 002  0.00  0.00  9.84  3.55  0.50 180.00 1000000.00 -3  0.00 -2
210819 07 07 49.996185 002  0.00  0.00 11.67  7.68  0.50 180.00 1000000.00 -3  0.00 -2
210819 07 12 49.935894 002  0.00  0.00 12.47  6.54  0.50 180.00 1000000.00 -3  0.32 -1
210819 07 13 34.441580 002  0.00  0.00 18.01 22.88  0.50 180.00 1000000.00 -3  3.07 -1
210819 07 17 09.240995 001  0.00  0.00  5.99  8.01  0.50 180.00 1000000.00 -4 1000000.00 -3
210819 07 24 03.030362 001  0.00  0.00 17.01 21.00  0.50 180.00 1000000.00 -4 1000000.00 -3
210819 07 25 34.061842 004  0.35  1.69 12.34  2.46 23.87 63.58  0.00 -2  0.46 01
210819 07 28 08.579035 003  0.00  0.00 13.03 17.90 33.43 277.49  0.00 -3  2.05 00
210819 07 30 47.444817 003  0.00  0.00 20.59 14.68 46.54 301.56  0.00 -3  5.13 00
210819 07 32 45.635567 001  0.00  0.00 23.00  7.98  0.50 180.00 1000000.00 -4 1000000.00 -3
210819 07 34 52.824345 002  0.00  0.00 22.68 16.41  0.50 180.00 1000000.00 -3  0.33 -1
210819 07 35 56.136457 003  0.00  0.00 14.35 19.24 32.75 263.12  0.00 -3  0.00 -2
210819 07 37 49.710436 003  0.00  0.00 12.76  3.10 48.94 250.47  0.00 -3  0.83 -1
210819 07 40 53.078584 003  0.00  0.00  9.62 12.48 41.56 248.98  0.00 -3  0.55 00
210819 07 44 38.639266 004  1.23  4.53 14.80 19.08 36.29 151.52  0.00 -2  3.38 00
210819 07 46 06.422023 002  0.00  0.00  9.06  0.88  0.50 180.00 1000000.00 -3  4.07 -1
210819 07 48 52.613779 001  0.00  0.00 10.98  3.00  0.50 180.00 1000000.00 -4 1000000.00 -3
210819 07 49 46.064694 013  0.00  0.00 17.45 22.72 61.03 146.64  1.63 07 19.50 09
210819 07 50 04.364817 002  0.00  0.00 10.68  1.04  0.50 180.00 1000000.00 -3  0.00 -2
210819 07 53 06.034141 002  0.00  0.00  4.47  5.00  0.50 180.00 1000000.00 -3 1000000.00 -3
210819 07 57 22.291047 004  1.47  5.52 12.68 26.22 42.39 65.37  0.00 -2  0.81 00
210819 08 00 58.806944 010  3.16 10.75 13.76  8.30 36.71 18.18  4.16 04  9.56 06
210819 08 02 41.630709 002  0.00  0.00  7.22 13.23  0.50 180.00 1000000.00 -3  0.00 -2
210819 08 08 24.698886 003  0.00  0.00  7.99  5.20 30.06 141.86  0.00 -3  0.52 -1
210819 08 09 29.970915 003  0.00  0.00  4.15 14.44 30.56 289.22  0.00 -3  3.71 -1
210819 08 11 03.106556 003  0.00  0.00 15.80 23.31 31.53 51.47  0.00 -3  0.12 -1
210819 08 13 04.457647 003  0.00  0.00 17.00 16.08 37.29 195.20  0.00 -3  0.34 -1
210819 08 17 15.163381 002  0.00  0.00  9.78  2.83  0.50 180.00 1000000.00 -3  0.10 -2
210819 08 22 34.489551 003  0.00  0.00  5.35 18.32 16.66 268.38  0.00 -3  0.00 -1
210819 08 26 04.398996 002  0.00  0.00 15.01  4.05  0.50 180.00 1000000.00 -3  0.00 -2
210819 08 28 52.208866 002  0.00  0.00 12.29  7.00  0.50 180.00 1000000.00 -3  0.00 -2
210819 08 29 37.106332 002  0.00  0.00  9.44 10.46  0.50 180.00 1000000.00 -3  0.96 -1
210819 08 30 06.894772 003  0.00  0.00  4.80 16.37 27.70 127.65  0.00 -3  0.19 -1
210819 08 33 26.071993 003  0.00  0.00 16.00 16.17  1.70 195.28  0.00 -3  5.18 -1
210819 08 33 49.175024 003  0.00  0.00 12.41  8.24  7.84 71.17  0.00 -3  1.32 -1
210819 08 35 19.637632 001  0.00  0.00  1.00 15.05  0.50 180.00 1000000.00 -4 1000000.00 -3
210819 08 39 08.923759 001  0.00  0.00  9.98  3.04  0.50 180.00 1000000.00 -4 1000000.00 -3
210819 08 41 39.187621 002  0.00  0.00  5.58  9.74  0.50 180.00 1000000.00 -3  0.00 -2
210819 08 41 45.133747 002  0.00  0.00 15.71 25.00  0.50 180.00 1000000.00 -3  0.00 -2
210819 08 44 19.583553 007  3.42 11.50 15.05 25.97 40.58 48.00  0.60 01  4.81 03
210819 08 49 15.573277 002  0.00  0.00 11.60  9.00  0.50 180.00 1000000.00 -3  0.00 -2
210819 08 49 34.271934 003  0.00  0.00 10.31 18.30 25.31  2.00  0.00 -3  0.10 -1
210819 08 52 13.179573 002  0.00  0.00 17.01 15.66  0.50 180.00 1000000.00 -3  0.00 -2
210819 08 57 39.806904 003  0.00  0.00 19.79  5.75 53.02 99.76  0.00 -3  0.76 -1
210819 08 57 57.484478 002  0.00  0.00 20.52 14.00  0.50 180.00 1000000.00 -3  0.00 -2
210819 08 57 59.280832 003  0.00  0.00  5.51 18.13 64.23 306.09  0.00 -3  0.98 00
210819 08 59 18.047443 003  0.00  0.00  9.58  3.36 52.74 14.41  0.00 -3  0.82 -1
210819 09 05 07.843576 002  0.00  0.00 14.76 27.62  0.50 180.00 1000000.00 -3  0.00 -2
210819 09 11 01.294456 003  0.00  0.00  9.52 17.59 30.14 355.93  0.00 -3  2.19 00
210819 09 15 53.475073 003  0.00  0.00  7.67 17.67 44.33 149.11  0.00 -3  6.75 00
210819 09 20 30.580395 006  4.58 13.79  2.84 15.25 30.03 317.35  1.28 00  4.14 02
210819 09 21 23.211703 001  0.00  0.00  4.98  2.01  0.50 180.00 1000000.00 -4 1000000.00 -3
210819 09 21 53.655596 001  0.00  0.00 10.00 23.01  0.50 180.00 1000000.00 -4 1000000.00 -3
210819 09 24 51.734779 003  0.00  0.00 21.60  9.55 56.30 116.14  0.00 -3  0.48 00
210819 09 32 59.063613 004  0.74  2.77 15.39 27.36 26.67 83.33  0.00 -2  0.25 00
210819 09 33 43.844718 002  0.00  0.00 21.61 15.00  0.50 180.00 1000000.00 -3  0.00 -2
210819 09 34 20.448883 003  0.00  0.00 11.26  6.30 33.46 55.38  0.00 -3  0.06 -1
210819 09 35 10.856755 002  0.00  0.00 17.01 21.48  0.50 180.00 1000000.00 -3  0.00 -2
210819 09 35 58.340071 002  0.00  0.00  8.60  4.02  0.50 180.00 1000000.00 -3  0.14 -1
210819 09 36 36.238592 003  0.00  0.00 12.93 24.60 23.63 217.04  0.00 -3  0.03 -1
210819 09 38 34.747573 002  0.00  0.00 16.58 17.00  0.50 180.00 1000000.00 -3  0.00 -2
210819 09 45 53.360355 001  0.00  0.00  0.98  7.02  0.50 180.00 1000000.00 -4 1000000.00 -3
210819 09 45 57.133553 002  0.00  0.00 12.00 13.04  0.50 180.00 1000000.00 -3  1.10 -1
210819 09 49 10.667443 003  0.00  0.00 21.97 14.02 43.81 22.79  0.00 -3  0.02 -1
210819 09 50 00.172437 002  0.00  0.00 10.00 15.62  0.50 180.00 1000000.00 -3  0.00 -2
210819 09 52 16.069172 002  0.00  0.00  4.00 14.72  0.50 180.00 1000000.00 -3  0.00 -2
210819 09 52 35.037069 001  0.00  0.00 15.99  2.99  0.50 180.00 1000000.00 -4 1000000.00 -3
210819 09 56 06.470657 001  0.00  0.00  4.98  2.01  0.50 180.00 1000000.00 -4 1000000.00 -3
210819 09 56 23.062817 002  0.00  0.00 10.69 20.32  0.50 180.00 1000000.00 -3  0.00 -2
210819 10 00 13.248249 003  0.00  0.00 12.27  9.30 35.03 208.23  0.00 -3  0.03 -1
210819 10 00 21.063827 002  0.00  0.00 16.77 16.76  0.50 180.00 1000000.00 -3  0.84 -2
210819 10 03 59.187503 003  0.00  0.00 18.79 26.78 33.09 105.52  0.00 -3  0.08 -1
210819 10 04 52.281118 003  0.00  0.00 20.81 16.37 33.22 33.44  0.00 -3  0.11 -1
210819 10 06 27.766227 004  1.31  3.76 13.02 10.04  1.78 289.27  0.00 -2  1.77 00
210819 10 08 57.884418 001  0.00  0.00 13.01 20.00  0.50 180.00 1000000.00 -4 1000000.00 -3
210819 10 12 01.904490 004  0.37  2.09  8.20  1.40 37.33 117.29  0.00 -2  0.84 00
210819 10 12 19.699405 003  0.00  0.00 13.59  4.42  9.41 298.86  0.00 -3  0.32 -1
210819 10 12 29.654741 003  0.00  0.00 20.42 15.56 11.50 43.45  0.00 -3  1.63 00
210819 10 13 40.570975 001  0.00  0.00  2.99 14.01  0.50 180.00 1000000.00 -4 1000000.00 -3
210819 10 19 23.961890 002  0.00  0.00  9.27  5.66  0.50 180.00 1000000.00 -3  0.00 -1
210819 10 20 27.609302 004  2.86  9.49 21.06 14.22 16.09 240.18  0.00 -2  1.18 00
210819 10 22 08.719841 002  0.00  0.00 12.26 18.75  0.50 180.00 1000000.00 -3  1.79 -2
210819 10 22 48.717036 004  0.82  2.74  7.68 16.37 32.53  1.06  0.00 -2  0.08 00
210819 10 26 01.084905 002  0.00  0.00 19.40 20.99  0.50 180.00 1000000.00 -3  0.00 -2
210819 10 26 20.119521 002  0.00  0.00  6.25  1.64  0.50 180.00 1000000.00 -3  0.07 -1
210819 10 26 37.496683 002  0.00  0.00 13.55 10.00  0.50 180.00 1000000.00 -3  0.00 -2
210819 10 29 26.500779 008  0.00  0.00 19.56 12.95 78.58 132.73  0.04 02 35.62 05
210819 10 29 49.591692 002  0.00  0.00 14.93  2.45  0.50 180.00 1000000.00 -3 1000000.00 -3
210819 10 30 25.736475 002  0.00  0.00 16.53 25.49  0.50 180.00 1000000.00 -3  0.11 -1
210819 10 32 08.441994 004  2.59  9.39 12.17 25.91 32.83 237.87  0.00 -2  1.76 00
210819 10 33 34.337263 003  0.00  0.00 20.31 13.11 48.38 279.31  0.00 -3  1.12 -1
210819 10 34 13.264426 003  0.00  0.00 16.56 10.18 54.86 61.22  0.00 -3  0.77 -1
210819 10 34 21.999561 001  0.00  0.00  3.98  5.01  0.50 180.00 1000000.00 -4 1000000.00 -3
210819 10 37 18.293981 003  0.00  0.00 15.89 14.93 35.71 71.41  0.00 -3  0.86 -1
210819 10 38 19.040819 001  0.00  0.00 12.01 19.00  0.50 180.00 1000000.00 -4 1000000.00 -3
210819 10 40 05.551380 002  0.00  0.00  5.58  9.01  0.50 180.00 1000000.00 -3  0.00 -2
210819 10 46 05.786636 002  0.00  0.00 21.01 14.91  0.50 180.00 1000000.00 -3  1.11 -2
210819 10 46 22.400448 002  0.00  0.00 10.56 24.68  0.50 180.00 1000000.00 -3  0.52 -1
210819 10 47 51.297731 002  0.00  0.00 12.00 16.44  0.50 180.00 1000000.00 -3  0.00 -2
210819 10 49 04.773358 005  0.00  0.00 19.78 22.59 71.81 197.50  0.03 -1  2.83 02
210819 10 49 39.875426 003  0.00  0.00 10.79 20.78 54.25 110.11  0.00 -3  0.57 -1
210819 10 49 54.850487 004  0.00  0.00 19.70 16.40 66.80 310.14  0.00 -2  0.15 00
210819 10 51 48.102342 002  0.00  0.00 20.98 14.54  0.50 180.00 1000000.00 -3  0.00 -2
210819 10 52 44.086641 005  0.00  0.00 21.48  7.67 61.14 24.62  0.01 -1  0.87 02
210819 10 53 30.475205 005  0.79  2.87 15.45 26.51 33.46 30.93  0.12 -1  1.07 02
210819 10 54 54.600598 002  0.00  0.00  6.44 17.01  0.50 180.00 1000000.00 -3  0.00 -2
210819 10 55 57.213196 001  0.00  0.00  6.00 17.01  0.50 180.00 1000000.00 -4 1000000.00 -3
210819 10 56 58.525845 003  0.00  0.00  9.17 12.57 43.06 108.11  0.00 -3  0.80 -1
210819 10 57 06.365109 003  0.00  0.00  2.08 13.69 76.16 223.58  0.00 -3  2.46 00
210819 10 57 21.615054 005  1.93  6.78  5.93 11.91 19.06 337.47  0.33 -1  4.59 01
210819 10 59 11.324482 003  0.00  0.00  8.31  6.85 43.59 42.08  0.00 -3  0.10 -1
210819 11 01 11.977885 003  0.00  0.00 21.16 15.61  8.58 352.63  0.00 -3  1.63 -1
210819 11 02 18.468174 003  0.00  0.00 13.59  2.86 47.63 75.16  0.00 -3  0.11 -1
210819 11 04 11.830905 003  0.00  0.00  9.45 22.72 69.78 85.65  0.00 -3  0.53 -1
210819 11 05 38.648570 002  0.00  0.00  5.42  5.00  0.50 180.00 1000000.00 -3  0.00 -2
210819 11 06 53.517368 003  0.00  0.00 11.32 13.45 78.81 185.00  0.00 -3  0.21 00
210819 11 09 01.449212 002  0.00  0.00 19.01 24.95  0.50 180.00 1000000.00 -3  0.00 -2
210819 11 10 06.907952 002  0.00  0.00 18.50 16.50  0.50 180.00 1000000.00 -3  0.00 -1
210819 11 10 21.781636 006  3.59 11.11  6.19  2.01 23.89 359.01  0.04 00  2.71 02
210819 11 10 47.845707 002  0.00  0.00 14.01 19.23  0.50 180.00 1000000.00 -3  0.00 -2
210819 11 17 28.169878 001  0.00  0.00  8.03 23.00  0.50 180.00 1000000.00 -4 1000000.00 -3
210819 11 22 11.185255 005  0.86  3.80  9.12  5.57 46.84 46.39  1.00 -1  3.44 01
210819 11 25 30.537042 002  0.00  0.00  1.47  6.04  0.50 180.00 1000000.00 -3  0.07 -1
210819 11 25 31.058980 002  0.00  0.00 18.30  8.30  0.50 180.00 1000000.00 -3  0.00 -2
210819 11 27 07.145002 001  0.00  0.00  7.98  4.01  0.50 180.00 1000000.00 -4 1000000.00 -3
210819 11 29 43.811022 002  0.00  0.00  2.85  9.63  0.50 180.00 1000000.00 -3  1.53 -2
210819 11 32 19.770995 002  0.00  0.00  2.50 16.52  0.50 180.00 1000000.00 -3  0.00 -1
210819 11 37 09.642616 001  0.00  0.00  2.98  6.01  0.50 180.00 1000000.00 -4 1000000.00 -3
210819 11 38 12.869011 005  3.21 11.32 10.03 12.13 42.49 134.75  0.00 -1  5.46 01
210819 11 39 20.740878 001  0.00  0.00  9.99  4.00  0.50 180.00 1000000.00 -4 1000000.00 -3
210819 11 39 32.064450 001  0.00  0.00  4.98  3.01  0.50 180.00 1000000.00 -4 1000000.00 -3
210819 11 40 17.828010 001  0.00  0.00 11.99  9.00  0.50 180.00 1000000.00 -4 1000000.00 -3
210819 11 40 36.422800 003  0.00  0.00  4.44 11.10 37.08 53.57  0.00 -3  1.27 -1
210819 11 40 45.741800 001  0.00  0.00 21.00 10.99  0.50 180.00 1000000.00 -4 1000000.00 -3
210819 11 40 54.854308 001  0.00  0.00  2.00 15.02  0.50 180.00 1000000.00 -4 1000000.00 -3
210819 11 41 02.013282 002  0.00  0.00  9.99  4.80  0.50 180.00 1000000.00 -3  0.00 -2
210819 11 41 21.363417 002  0.00  0.00 13.32 17.00  0.50 180.00 1000000.00 -3  0.00 -2
210819 11 41 58.799372 001  0.00  0.00 13.01 17.00  0.50 180.00 1000000.00 -4 1000000.00 -3
210819 11 43 44.568468 002  0.00  0.00 12.42  1.27  0.50 180.00 1000000.00 -3  0.01 -1
210819 11 44 14.071549 002  0.00  0.00  5.20  3.22  0.50 180.00 1000000.00 -3  0.78 -2
210819 11 44 31.978651 002  0.00  0.00  7.31  8.01  0.50 180.00 1000000.00 -3  0.00 -2
210819 11 44 54.389710 005  0.82  3.07  9.55 10.42 40.21 234.69  0.63 -1  4.88 02
210819 11 45 32.727267 002  0.00  0.00 13.42  3.44  0.50 180.00 1000000.00 -3  1.08 -1
210819 11 47 32.773183 005  1.60  5.79  9.03 13.94 35.17 337.36  0.14 -1  3.75 01
210819 11 49 42.899881 002  0.00  0.00 10.05  1.48  0.50 180.00 1000000.00 -3  0.00 -2
210819 11 50 05.545702 001  0.00  0.00  2.04  6.08  0.50 180.00 1000000.00 -4 1000000.00 -3
210819 11 52 45.810248 001  0.00  0.00  9.99 11.00  0.50 180.00 1000000.00 -4 1000000.00 -3
210819 11 54 01.254404 001  0.00  0.00 14.11 13.11  0.50 180.00 1000000.00 -4 1000000.00 -3
210819 12 02 58.130646 001  0.00  0.00  2.00 15.02  0.50 180.00 1000000.00 -4 1000000.00 -3
210819 12 03 00.881314 003  0.00  0.00  6.78 16.27 38.71 35.40  0.00 -3  0.02 -1
210819 12 06 10.400183 001  0.00  0.00  1.99  9.04  0.50 180.00 1000000.00 -4 1000000.00 -3
210819 12 12 26.575334 004  0.26  1.35  4.48 15.69 46.18 96.65  0.00 -2  0.33 01
210819 12 13 20.151642 002  0.00  0.00 17.99  8.45  0.50 180.00 1000000.00 -3  0.00 -2
210819 12 15 27.154928 002  0.00  0.00  9.49 14.01  0.50 180.00 1000000.00 -3  0.00 -2
210819 12 15 58.446019 003  0.00  0.00 17.82  2.29 88.70 223.92  0.00 -3 1000000.00 -1
210819 12 16 15.846860 002  0.00  0.00 14.67 17.00  0.50 180.00 1000000.00 -3  0.00 -2
210819 12 19 42.243728 004  0.12  1.15 21.37 15.41 31.13 152.65  0.00 -2  1.32 01
210819 12 20 37.786246 004  1.08  2.77 17.23 12.93 48.83 54.90  0.00 -2  0.54 00
210819 12 21 18.998635 001  0.00  0.00  2.99 10.01  0.50 180.00 1000000.00 -4 1000000.00 -3
210819 12 22 11.192090 002  0.00  0.00 21.65  8.63  0.50 180.00 1000000.00 -3  0.00 -2
210819 12 23 14.202750 004  1.30  5.32  9.69  5.66 46.79 303.54  0.00 -2  0.37 00
210819 12 25 39.171288 003  0.00  0.00  2.38 13.40 56.83 217.09  0.00 -3  4.01 00
210819 12 26 26.340010 001  0.00  0.00  7.00 16.01  0.50 180.00 1000000.00 -4 1000000.00 -3
210819 12 26 26.347440 003  0.00  0.00 16.96  4.99 32.78 82.33  0.00 -3  2.01 -1
210819 12 28 05.495965 003  0.00  0.00 10.27  6.33 56.45 300.02  0.00 -3  2.47 -1
210819 12 30 23.078496 001  0.00  0.00  7.00 17.01  0.50 180.00 1000000.00 -4 1000000.00 -3
210819 12 30 28.970844 001  0.00  0.00 13.02  6.00  0.50 180.00 1000000.00 -4 1000000.00 -3
210819 12 35 08.819255 004  0.14  1.42 19.79  4.65 26.12 272.07  0.00 -2  2.72 00
210819 12 37 14.134535 002  0.00  0.00  9.94  3.01  0.50 180.00 1000000.00 -3  2.61 -1
210819 12 39 06.347508 002  0.00  0.00  9.46  6.53  0.50 180.00 1000000.00 -3  0.35 -1
210819 12 41 21.471059 002  0.00  0.00  5.79  9.01  0.50 180.00 1000000.00 -3  0.00 -2
210819 12 46 24.954380 003  0.00  0.00 19.42 16.22 43.73 331.61  0.00 -3  1.58 00
210819 12 46 49.484732 002  0.00  0.00  8.99 10.26  0.50 180.00 1000000.00 -3  0.00 -2
210819 12 50 15.229017 002  0.00  0.00  4.47 10.53  0.50 180.00 1000000.00 -3  0.15 -1
210819 12 59 00.984856 004  0.81  2.67 14.92  2.73 13.49 117.66  0.00 -2  0.59 00
210819 13 00 41.812745 003  0.00  0.00  8.62  5.38 81.30 251.72  0.00 -3  2.86 00
210819 13 04 43.882345 003  0.00  0.00  6.52 15.57 21.85 249.73  0.00 -3  1.97 00
210819 13 07 09.976661 001  0.00  0.00  7.00 16.01  0.50 180.00 1000000.00 -4 1000000.00 -3
210819 13 08 02.825831 002  0.00  0.00  8.98  0.92  0.50 180.00 1000000.00 -3  2.30 -1
210819 13 08 30.426291 001  0.00  0.00 14.00 15.00  0.50 180.00 1000000.00 -4 1000000.00 -3
210819 13 09 42.667098 002  0.00  0.00 15.83  2.96  0.50 180.00 1000000.00 -3  0.00 -2
210819 13 15 48.027159 002  0.00  0.00  5.45 16.47  0.50 180.00 1000000.00 -3  0.60 -1
210819 13 17 39.833761 001  0.00  0.00 10.98  3.00  0.50 180.00 1000000.00 -4 1000000.00 -3
210819 13 19 19.107951 001  0.00  0.00  9.99  6.00  0.50 180.00 1000000.00 -4 1000000.00 -3
210819 13 19 37.999090 001  0.00  0.00  1.01 13.04  0.50 180.00 1000000.00 -4 1000000.00 -3
210819 13 20 02.458991 002  0.00  0.00  0.98  7.19  0.50 180.00 1000000.00 -3  0.00 -2
210819 13 21 12.939070 003  0.00  0.00 14.53  2.29 89.39 25.96  0.00 -3  2.14 00
210819 13 22 23.416845 002  0.00  0.00 12.44 16.00  0.50 180.00 1000000.00 -3  0.00 -2
210819 13 23 41.307541 001  0.00  0.00 12.99  8.00  0.50 180.00 1000000.00 -4 1000000.00 -3
210819 13 29 16.391593 002  0.00  0.00 18.00  9.43  0.50 180.00 1000000.00 -3  0.00 -2
210819 13 29 27.294615 002  0.00  0.00 10.35 14.00  0.50 180.00 1000000.00 -3  0.00 -2
210819 13 29 51.962310 001  0.00  0.00  6.00 17.01  0.50 180.00 1000000.00 -4 1000000.00 -3
210819 13 31 34.804298 002  0.00  0.00  6.98  2.37  0.50 180.00 1000000.00 -3  0.00 -2
210819 13 32 58.198182 006  1.23  3.87  4.12 16.03 33.29 157.61  4.19 00  7.70 02
210819 13 34 18.648267 002  0.00  0.00  6.68 15.01  0.50 180.00 1000000.00 -3  0.00 -2
210819 13 35 20.859602 002  0.00  0.00  6.65 12.66  0.50 180.00 1000000.00 -3  0.00 -2
210819 13 35 30.513729 001  0.00  0.00  2.00 15.02  0.50 180.00 1000000.00 -4 1000000.00 -3
210819 13 37 05.951921 002  0.00  0.00  4.99 11.31  0.50 180.00 1000000.00 -3  0.00 -2
210819 13 39 02.778300 002  0.00  0.00  4.35 11.01  0.50 180.00 1000000.00 -3  0.00 -2
210819 13 41 06.870105 001  0.00  0.00 10.99 10.00  0.50 180.00 1000000.00 -4 1000000.00 -3
210819 13 41 55.235104 005  1.11  3.53 12.70  1.84 22.05 20.12  0.94 -1  2.13 01
210819 13 42 39.791147 002  0.00  0.00  1.31 14.72  0.50 180.00 1000000.00 -3  0.00 -2
210819 13 43 48.684211 003  0.00  0.00  8.44 13.68 86.49 239.45  0.00 -3 17.10 00
210819 13 44 08.582521 001  0.00  0.00  1.98  5.01  0.50 180.00 1000000.00 -4 1000000.00 -3
210819 13 50 03.665524 002  0.00  0.00 16.00 14.79  0.50 180.00 1000000.00 -3  0.00 -2
210819 13 52 01.776074 001  0.00  0.00  0.93  6.01  0.50 180.00 1000000.00 -4 1000000.00 -3
210819 13 52 08.302955 003  0.00  0.00 21.29 16.29 25.78 44.65  0.00 -3  0.00 -1
210819 13 52 37.076114 002  0.00  0.00 17.44 13.99  0.50 180.00 1000000.00 -3  0.00 -2
210819 13 54 05.571119 003  0.00  0.00  9.49 12.47 31.94 255.36  0.00 -3  1.56 00
210819 13 59 19.450164 001  0.00  0.00 20.01 16.00  0.50 180.00 1000000.00 -4 1000000.00 -3
210819 14 07 40.198838 002  0.00  0.00  1.35 11.72  0.50 180.00 1000000.00 -3  0.06 -1
210819 14 08 05.804763 001  0.00  0.00  5.98  4.01  0.50 180.00 1000000.00 -4 1000000.00 -3
210819 14 08 46.498721 001  0.00  0.00 12.00 11.00  0.50 180.00 1000000.00 -4 1000000.00 -3
210819 14 09 14.088505 003  0.00  0.00  6.42 12.76 75.16 280.51  0.00 -3  0.19 -1
210819 14 10 06.985289 003  0.00  0.00 13.05  8.94 15.58 164.52  0.00 -3  0.00 -1
210819 14 13 19.500022 002  0.00  0.00 23.01 15.35  0.50 180.00 1000000.00 -3  0.00 -2
210819 14 15 31.217591 002  0.00  0.00 16.00 13.29  0.50 180.00 1000000.00 -3  0.00 -2
210819 14 17 33.163720 003  0.00  0.00 21.58 14.53 64.96 179.07  0.00 -3  3.34 00
210819 14 18 07.956194 002  0.00  0.00  7.00 14.98  0.50 180.00 1000000.00 -3  2.38 -2
210819 14 20 13.902188 004  0.38  2.03  9.58 12.58 22.11 143.15  0.00 -2  0.54 01
210819 14 21 34.326318 002  0.00  0.00 21.78 13.73  0.50 180.00 1000000.00 -3  0.00 -2
210819 14 29 49.520355 001  0.00  0.00  2.00 14.01  0.50 180.00 1000000.00 -4 1000000.00 -3
210819 14 31 05.781630 001  0.00  0.00  4.99 11.00  0.50 180.00 1000000.00 -4 1000000.00 -3
210819 14 31 54.443496 001  0.00  0.00  8.99  7.00  0.50 180.00 1000000.00 -4 1000000.00 -3
210819 14 33 21.124738 003  0.00  0.00 19.88  8.92 60.27 284.24  0.00 -3  3.35 -1
210819 14 33 41.512129 001  0.00  0.00 14.98  1.99  0.50 180.00 1000000.00 -4 1000000.00 -3
210819 14 34 36.421712 001  0.00  0.00 17.00 13.99  0.50 180.00 1000000.00 -4 1000000.00 -3
210819 14 35 10.990885 002  0.00  0.00 14.59  4.22  0.50 180.00 1000000.00 -3  0.00 -2
210819 14 35 11.398842 001  0.00  0.00 19.99  6.99  0.50 180.00 1000000.00 -4 1000000.00 -3
210819 14 35 38.384362 001  0.00  0.00 19.99  6.99  0.50 180.00 1000000.00 -4  4.70 -2
210819 14 42 09.846680 005  0.62  4.26  9.35 15.30 54.80 142.00  0.16 -1  4.99 02
210819 14 43 56.069544 003  0.00  0.00  1.55 11.49 31.25 232.73  0.00 -3  0.65 00
210819 14 44 12.018432 001  0.00  0.00  4.99 11.00  0.50 180.00 1000000.00 -4 1000000.00 -3
210819 14 54 54.956663 001  0.00  0.00 11.00 17.01  0.50 180.00 1000000.00 -4 1000000.00 -3
210819 14 58 28.205956 001  0.00  0.00 11.00 14.00  0.50 180.00 1000000.00 -4 1000000.00 -3
210819 15 02 00.197904 001  0.00  0.00 12.98  1.95  0.50 180.00 1000000.00 -4 1000000.00 -3
210819 15 06 17.115015 002  0.00  0.00 22.45 11.53  0.50 180.00 1000000.00 -3  0.20 -1
210819 15 10 30.730735 004  1.19  4.03  9.39  5.33 37.31 13.83  0.00 -2  1.67 01
210819 15 11 00.120238 002  0.00  0.00  9.57 15.69  0.50 180.00 1000000.00 -3  0.41 -1
210819 15 12 53.510173 002  0.00  0.00  6.32  2.34  0.50 180.00 1000000.00 -3  0.00 -2
210819 15 16 04.945580 003  0.00  0.00  2.26 11.16  9.08  5.15  0.00 -3  0.02 -1
210819 15 17 44.275387 003  0.00  0.00 13.77  3.76 62.33 344.61  0.00 -3  1.81 -1
210819 15 17 46.362220 002  0.00  0.00  4.05 16.01  0.50 180.00 1000000.00 -3  1.47 -2
210819 15 18 38.701106 001  0.00  0.00 12.99  8.00  0.50 180.00 1000000.00 -4 1000000.00 -3
210819 15 20 43.346484 002  0.00  0.00  2.00 15.24  0.50 180.00 1000000.00 -3  0.00 -2
210819 15 21 21.764977 008  5.12 14.66 19.78 10.97 34.23 147.10  2.80 02  4.46 05
210819 15 23 08.157707 003  0.00  0.00 16.75  6.53 32.56 175.42  0.00 -3  1.16 00
210819 15 23 15.926401 001  0.00  0.00  1.00 14.02  0.50 180.00 1000000.00 -4 1000000.00 -3
210819 15 23 51.162664 002  0.00  0.00 20.00  8.84  0.50 180.00 1000000.00 -3  2.64 -1
210819 15 24 07.672118 002  0.00  0.00 21.37  9.99  0.50 180.00 1000000.00 -3  0.00 -2
210819 15 24 34.238844 003  0.00  0.00 18.65  3.81 17.80 136.42  0.00 -3  2.08 -1
210819 15 27 02.327221 002  0.00  0.00 13.45  5.53  0.50 180.00 1000000.00 -3  0.76 -1
210819 15 28 46.114496 002  0.00  0.00 13.27  3.74  0.50 180.00 1000000.00 -3  0.00 -2
210819 15 31 17.565149 001  0.00  0.00 17.00 15.00  0.50 180.00 1000000.00 -4 1000000.00 -3
210819 15 33 00.849208 001  0.00  0.00 11.98  1.00  0.50 180.00 1000000.00 -4 1000000.00 -3
210819 15 34 46.260135 002  0.00  0.00 13.82  7.00  0.50 180.00 1000000.00 -3  1.58 -2
210819 15 37 17.661112 002  0.00  0.00  8.87  6.64  0.50 180.00 1000000.00 -3  0.00 -2
210819 15 38 34.807439 006  3.08 12.93 16.88  6.83 51.63 197.67  0.01 00  5.08 02
210819 15 40 41.156756 001  0.00  0.00 16.99  1.99  0.50 180.00 1000000.00 -4 1000000.00 -3
210819 15 43 32.702554 001  0.00  0.00 18.01 13.02  0.50 180.00 1000000.00 -4 1000000.00 -3
210819 15 44 51.872392 003  0.00  0.00  7.48  8.31 68.31 58.14  0.00 -3  2.85 00
210819 15 45 22.718475 002  0.00  0.00  9.16  3.65  0.50 180.00 1000000.00 -3  0.00 -2
210819 15 49 19.039243 002  0.00  0.00  3.16  7.01  0.50 180.00 1000000.00 -3  0.00 -2
210819 15 52 07.043478 002  0.00  0.00  4.96  7.01  0.50 180.00 1000000.00 -3  0.00 -2
210819 15 53 51.876740 001  0.00  0.00  8.99  8.00  0.50 180.00 1000000.00 -4 1000000.00 -3
210819 15 54 52.436154 002  0.00  0.00  7.22 16.50  0.50 180.00 1000000.00 -3  1.19 -1
210819 15 59 06.136918 003  0.00  0.00 18.31  2.79 21.83 235.25  0.00 -3  0.01 -1
210819 15 59 11.975737 002  0.00  0.00  7.98  4.84  0.50 180.00 1000000.00 -3  0.00 -2
210819 16 02 43.259202 002  0.00  0.00  4.50 14.51  0.50 180.00 1000000.00 -3  0.00 -1
210819 16 03 09.200709 002  0.00  0.00  8.59  5.99  0.50 180.00 1000000.00 -3  0.00 -2
210819 16 03 47.934804 001  0.00  0.00 21.99  5.98  0.50 180.00 1000000.00 -4 1000000.00 -3
210819 16 08 55.627132 001  0.00  0.00 10.99 11.00  0.50 180.00 1000000.00 -4 1000000.00 -3
210819 16 11 13.691588 002  0.00  0.00  8.79  5.12  0.50 180.00 1000000.00 -3  0.20 -2
210819 16 13 49.727615 009  6.42 19.84  7.90  5.71 51.75 185.86  0.65 03 12.26 05
210819 16 18 57.733749 003  0.00  0.00  4.30  3.35 53.15 330.59  0.00 -3  0.35 -1
210819 16 20 10.812551 002  0.00  0.00 21.45  7.90  0.50 180.00 1000000.00 -3  0.00 -2
210819 16 28 39.726916 003  0.00  0.00  4.48 14.35 28.23 159.61  0.00 -3  1.11 00
210819 16 31 03.507926 002  0.00  0.00 21.81 17.19  0.50 180.00 1000000.00 -3  0.59 -2
210819 16 32 17.009297 001  0.00  0.00 15.80 27.92  0.50 180.00 1000000.00 -4 1000000.00 -3
210819 16 32 55.900151 002  0.00  0.00  7.68 14.01  0.50 180.00 1000000.00 -3  0.00 -2
210819 16 33 22.468959 001  0.00  0.00  7.99  8.00  0.50 180.00 1000000.00 -4 1000000.00 -3
210819 16 38 52.514089 002  0.00  0.00 21.60 14.23  0.50 180.00 1000000.00 -3  0.00 -2
210819 16 38 55.677401 002  0.00  0.00 11.72 21.30  0.50 180.00 1000000.00 -3  1.42 -2
210819 16 39 14.956612 005  1.28  4.80 12.52 11.03 46.36 68.08  0.15 -1  2.02 01
210819 16 44 18.690015 005  4.59 12.99 11.14 10.92 42.70 186.67  0.05 -1  1.24 01
210819 16 45 56.691157 003  0.00  0.00 11.16 13.53 54.65 139.64  0.00 -3  0.02 -1
210819 16 51 23.081732 003  0.00  0.00  9.52 16.50 15.24 169.55  0.00 -3  1.78 00
210819 16 51 24.552979 002  0.00  0.00 15.44  2.95  0.50 180.00 1000000.00 -3  0.01 -1
210819 16 56 47.041365 005  1.77  6.57 14.90  1.01 48.52 297.26  0.09 -1  1.33 01
210819 17 02 07.775386 005  0.53  2.26 20.62 12.33 45.37 201.89  1.79 -1  1.95 02
210819 17 03 36.723691 002  0.00  0.00  6.90 15.33  0.50 180.00 1000000.00 -3  4.11 -2
210819 17 11 39.068607 004  1.65  6.23 16.33 15.79 29.83 160.95  0.00 -2  2.27 00
210819 17 15 11.565912 002  0.00  0.00 16.37 14.67  0.50 180.00 1000000.00 -3  0.00 -2
210819 17 15 58.572383 005  2.30  8.00 10.06  9.90 24.54 257.20  4.74 -1  2.63 01
210819 17 16 19.668528 004  1.23  6.79 19.39 23.49 43.76 311.46  0.00 -2  2.41 01
210819 17 16 33.156628 002  0.00  0.00 12.25  6.30  0.50 180.00 1000000.00 -3  0.00 -2
210819 17 22 51.223791 003  0.00  0.00 20.37 10.69 38.15 179.99  0.00 -3  0.62 -1
210819 17 23 25.352828 002  0.00  0.00 15.52 19.16  0.50 180.00 1000000.00 -3  0.00 -2
210819 17 26 30.887239 005  2.00  7.66 11.98  5.86 37.81 169.64  0.70 -1  1.82 01
210819 17 29 40.701892 004  1.82  6.34 20.08 22.72 34.17 295.11  0.00 -2  3.56 00
210819 17 29 55.153003 002  0.00  0.00 12.56 22.46  0.50 180.00 1000000.00 -3  0.60 -1
210819 17 32 10.567064 003  0.00  0.00 16.02 25.21  6.74 126.15  0.00 -3  1.52 -1
210819 17 32 17.279894 003  0.00  0.00 10.89 19.87 17.19 301.64  0.00 -3  0.01 -1
210819 17 32 28.866209 003  0.00  0.00  9.32 11.30 31.50 58.17  0.00 -3  0.01 -1
210819 17 35 48.096959 003  0.00  0.00 12.48 17.50 13.72 172.19  0.00 -3  1.94 00
210819 17 37 34.728092 002  0.00  0.00 15.17 13.26  0.50 180.00 1000000.00 -3  2.13 -2
210819 17 37 34.848098 009  0.00  0.00  6.89 13.28 62.12 296.21  1.34 03  9.61 06
210819 17 38 23.776839 005  1.91  6.79  7.07 15.38 27.01 338.59  2.89 -1  2.24 01
210819 17 44 00.931322 002  0.00  0.00 18.37  3.67  0.50 180.00 1000000.00 -3  0.11 -1
210819 17 44 48.358351 001  0.00  0.00 18.00 21.96  0.50 180.00 1000000.00 -4 1000000.00 -3
210819 17 45 19.906392 010  4.04 12.15 14.12  5.34 37.71 134.95  7.17 04  7.27 06
210819 17 47 57.656545 002  0.00  0.00 12.00 10.66  0.50 180.00 1000000.00 -3  0.00 -2
210819 17 48 31.725937 002  0.00  0.00 14.68 12.00  0.50 180.00 1000000.00 -3  0.00 -2
210819 17 49 53.454903 002  0.00  0.00 22.74 11.99  0.50 180.00 1000000.00 -3  0.00 -2
210819 17 52 47.069383 002  0.00  0.00  9.45 24.01  0.50 180.00 1000000.00 -3  0.00 -2
210819 17 53 06.783758 003  0.00  0.00  9.23 18.41 86.54 181.89  0.00 -3 15.54 00
210819 17 55 14.980536 004  0.33  1.77 17.76 13.55 35.50 19.53  0.00 -2  0.46 00
210819 17 55 23.357093 002  0.00  0.00  4.72  3.01  0.50 180.00 1000000.00 -3  0.00 -2
210819 17 56 26.652273 003  0.00  0.00 10.98 10.40 63.13 195.54  0.00 -3  5.70 00
210819 17 59 06.255256 004  2.23  7.50 18.15 13.80 15.44 41.92  0.00 -2  1.36 00
210819 18 02 45.460485 003  0.00  0.00  6.96 18.02  1.98 242.98  0.00 -3  0.52 -1
210819 18 03 42.266930 001  0.00  0.00  1.00 14.02  0.50 180.00 1000000.00 -4 1000000.00 -3
210819 18 04 05.525189 003  0.00  0.00 13.32 17.72 52.15 254.58  0.00 -3  0.63 -1
210819 18 06 24.483840 002  0.00  0.00 15.21 17.00  0.50 180.00 1000000.00 -3  0.00 -2
210819 18 08 48.105103 003  0.00  0.00 19.32 21.58 20.51 313.51  0.00 -3  0.17 -1
210819 18 09 10.927389 002  0.00  0.00 15.47  3.99  0.50 180.00 1000000.00 -3  0.00 -2
210819 18 09 46.886527 001  0.00  0.00 17.01 20.00  0.50 180.00 1000000.00 -4 1000000.00 -3
210819 18 10 08.498340 002  0.00  0.00 19.26  9.22  0.50 180.00 1000000.00 -3  0.00 -1
210819 18 13 27.968471 003  0.00  0.00 22.18 10.26 13.36 180.72  0.00 -3  0.00 -1
210819 18 14 37.271334 004  2.19 20.80 20.67 20.67 59.49 339.09  0.00 -2  3.78 01
210819 18 20 22.517915 003  0.00  0.00  5.37  4.72 46.93 240.30  0.00 -3  0.75 -1
210819 18 21 09.265558 003  0.00  0.00 21.36 12.70 60.88 294.28  0.00 -3  0.09 -1
210819 18 24 00.326782 002  0.00  0.00  6.15 12.58  0.50 180.00 1000000.00 -3  0.00 -2
210819 18 26 02.089638 003  0.00  0.00  6.30 16.74 23.58 316.81  0.00 -3  0.01 -1
210819 18 28 53.529400 004  1.61  7.13  6.75  3.91 48.26 45.69  0.16 -2  1.12 01
210819 18 29 03.456456 002  0.00  0.00 20.86 16.99  0.50 180.00 1000000.00 -3  0.00 -2
210819 18 29 09.329328 007  1.40  4.25 20.53  9.52 17.35 318.28  3.08 01  7.23 03
210819 18 32 58.364971 003  0.00  0.00 12.56  1.17 26.56 96.70  0.00 -3  0.09 -1
210819 18 33 36.279761 003  0.00  0.00 14.44 11.20 61.91 267.79  0.00 -3  0.47 -1
210819 18 40 31.755348 002  0.00  0.00  5.44 11.46  0.50 180.00 1000000.00 -3  0.69 -1
210819 18 43 02.526553 002  0.00  0.00 20.01 15.34  0.50 180.00 1000000.00 -3  0.00 -2
210819 18 50 04.394758 002  0.00  0.00  5.98  2.01  0.50 180.00 1000000.00 -3  2.15 -2
210819 18 50 32.956342 002  0.00  0.00 19.98 14.33  0.50 180.00 1000000.00 -3  0.00 -2
210819 18 53 06.330205 002  0.00  0.00 15.50 15.50  0.50 180.00 1000000.00 -3  0.00 -1
210819 18 54 16.230677 007  1.51  5.01 19.88  6.94 26.06 251.08  1.68 01  2.79 03
210819 18 54 49.025162 001  0.00  0.00 12.00 11.00  0.50 180.00 1000000.00 -4 1000000.00 -3
210819 18 59 57.128674 001  0.00  0.00  9.00 13.01  0.50 180.00 1000000.00 -4 1000000.00 -3
210819 19 07 18.584211 002  0.00  0.00  5.98  4.74  0.50 180.00 1000000.00 -3  0.00 -2
210819 19 08 08.543136 001  0.00  0.00 18.00 15.99  0.50 180.00 1000000.00 -4 1000000.00 -3
210819 19 08 44.917164 003  0.00  0.00 20.71 12.37 44.59 124.29  0.00 -3  0.30 -1
210819 19 10 13.105756 002  0.00  0.00 11.21 10.39  0.50 180.00 1000000.00 -3  0.00 -2
210819 19 12 51.290386 005  0.00  0.00  7.96  3.97 60.24 37.46  0.01 -1  2.40 01
210819 19 13 38.316914 002  0.00  0.00  8.98  1.92  0.50 180.00 1000000.00 -3  3.04 -1
210819 19 13 56.068902 004  3.44 11.15  8.06  5.96 30.37 28.17  0.00 -2  1.71 00
210819 19 19 52.126353 001  0.00  0.00  7.00 16.01  0.50 180.00 1000000.00 -4 1000000.00 -3
210819 19 20 20.654529 003  0.00  0.00 10.84 14.96 48.87 55.38  0.00 -3  0.18 -1
210819 19 25 24.784559 001  0.00  0.00 10.09  1.12  0.50 180.00 1000000.00 -4 1000000.00 -3
210819 19 29 40.064025 001  0.00  0.00 12.99  3.99  0.50 180.00 1000000.00 -4 1000000.00 -3
210819 19 30 14.039303 003  0.00  0.00  5.63 15.59 32.08 272.78  0.00 -3  2.61 -1
210819 19 30 30.135132 006  0.65  2.46 18.62  8.34 36.24 37.41  0.31 00  3.03 03
210819 19 32 15.591240 002  0.00  0.00  9.99 11.37  0.50 180.00 1000000.00 -3  0.00 -2
210819 19 32 45.865892 001  0.00  0.00 12.00 16.00  0.50 180.00 1000000.00 -4 1000000.00 -3
210819 19 36 32.351363 006  1.22  5.16 21.82 16.41 48.66 195.96  0.69 00  2.06 02
210819 19 37 28.716776 006  4.70 13.98 22.05 12.27 29.42 127.13  0.57 00  2.34 02
210819 19 44 02.319098 002  0.00  0.00 10.56  3.02  0.50 180.00 1000000.00 -3  0.00 -2
210819 19 44 40.912690 001  0.00  0.00 10.99 10.00  0.50 180.00 1000000.00 -4 1000000.00 -3
210819 19 50 50.454928 001  0.00  0.00  4.99  7.01  0.50 180.00 1000000.00 -4 1000000.00 -3
210819 19 52 26.420126 007 10.88 27.59  4.87  9.35 25.10  9.40  1.15 01  7.25 03
210819 19 52 29.437537 001  0.00  0.00 15.00  4.99  0.50 180.00 1000000.00 -4 1000000.00 -3
210819 19 52 50.486213 002  0.00  0.00 14.52  4.64  0.50 180.00 1000000.00 -3  0.75 -1
210819 19 55 04.993413 001  0.00  0.00  7.99  7.00  0.50 180.00 1000000.00 -4 1000000.00 -3
210819 19 56 20.910771 002  0.00  0.00 20.29 16.83  0.50 180.00 1000000.00 -3  2.11 -1
210819 19 58 53.849632 001  0.00  0.00  2.04  6.08  0.50 180.00 1000000.00 -4 1000000.00 -3
210819 19 59 10.388791 002  0.00  0.00  1.58 14.02  0.50 180.00 1000000.00 -3  0.00 -2
210819 20 04 15.703547 003  0.00  0.00 13.62  6.42 57.05 19.28  0.00 -3  0.50 00
210819 20 04 18.834739 002  0.00  0.00  9.57  3.02  0.50 180.00 1000000.00 -3  0.00 -2
210819 20 05 05.566998 001  0.00  0.00  8.98  1.00  0.50 180.00 1000000.00 -4 1000000.00 -3
210819 20 06 27.151399 003  0.00  0.00  5.51  9.60 43.90 96.36  0.00 -3  1.10 00
210819 20 07 57.476350 005  0.90  3.82 17.98 13.12 45.99 306.90  0.29 -1  0.10 01
210819 20 09 48.151140 003  0.00  0.00 10.06 11.31 12.54 236.60  0.00 -3  3.89 -1
210819 20 09 50.611250 001  0.00  0.00  9.99  5.00  0.50 180.00 1000000.00 -4 1000000.00 -3
210819 20 10 12.670807 001  0.00  0.00 17.99  6.99  0.50 180.00 1000000.00 -4 1000000.00 -3
210819 20 11 05.785144 001  0.00  0.00  2.04  6.08  0.50 180.00 1000000.00 -4 1000000.00 -3
210819 20 12 40.707831 002  0.00  0.00 11.99  5.25  0.50 180.00 1000000.00 -3  0.00 -2
210819 20 20 50.198437 004  0.78  4.64  4.33  5.90 52.97 311.64  0.00 -2  0.92 00
210819 20 21 30.013329 004  1.37  5.51  9.14 10.16 43.47 20.99  0.00 -2  0.81 00
210819 20 25 08.179555 002  0.00  0.00  4.65  7.01  0.50 180.00 1000000.00 -3  0.00 -2
210819 20 30 57.168668 001  0.00  0.00  0.99 12.02  0.50 180.00 1000000.00 -4 1000000.00 -3
210819 20 32 08.963990 002  0.00  0.00  6.23  3.76  0.50 180.00 1000000.00 -3  0.00 -2
210819 20 39 33.579023 001  0.00  0.00 20.00  7.99  0.50 180.00 1000000.00 -4 1000000.00 -3
210819 20 45 28.252866 001  0.00  0.00 16.99  4.99  0.50 180.00 1000000.00 -4 1000000.00 -3
210819 20 56 52.091921 003  0.00  0.00  6.67 11.59 22.79 79.59  0.00 -3  0.34 -1
210819 21 06 03.631034 001  0.00  0.00  7.97  5.97  0.50 180.00 1000000.00 -4 1000000.00 -3
210819 21 07 02.850974 001  0.00  0.00 11.99  9.00  0.50 180.00 1000000.00 -4 1000000.00 -3
210819 21 10 54.003466 003  0.00  0.00 18.55 16.45 25.69 63.70  0.00 -3  1.06 00
210819 21 12 33.584015 001  0.00  0.00 12.98  0.99  0.50 180.00 1000000.00 -4 1000000.00 -3
210819 21 13 49.985471 001  0.00  0.00 23.00 15.99  0.50 180.00 1000000.00 -4 1000000.00 -3
210819 21 16 00.596311 001  0.00  0.00  9.98  3.04  0.50 180.00 1000000.00 -4 1000000.00 -3
210819 21 16 25.167578 004  0.48  2.10 10.50 13.53 46.37 158.83  0.00 -2  3.24 01
210819 21 16 42.773362 003  0.00  0.00  6.34 11.69 21.16 301.97  0.00 -3  2.33 -1
210819 21 16 50.663562 002  0.00  0.00 13.99  9.76  0.50 180.00 1000000.00 -3  0.95 -2
210819 21 23 53.652575 001  0.00  0.00  8.99 10.00  0.50 180.00 1000000.00 -4 1000000.00 -3
210819 21 25 37.745702 005  1.33  6.14  7.15 12.01 49.68 223.63  0.12 -1  3.18 01
210819 21 30 46.726564 001  0.00  0.00  2.98  6.01  0.50 180.00 1000000.00 -4 1000000.00 -3
210819 21 32 40.283949 001  0.00  0.00 11.00 14.00  0.50 180.00 1000000.00 -4 1000000.00 -3
210819 21 32 44.832977 003  0.00  0.00 20.71 16.52 68.95 203.44  0.00 -3  0.49 00
210819 21 33 08.094211 001  0.00  0.00 19.99  6.99  0.50 180.00 1000000.00 -4 1000000.00 -3
210819 21 33 51.043222 002  0.00  0.00  1.75  5.76  0.50 180.00 1000000.00 -3  0.05 -1
210819 21 40 00.916824 003  0.00  0.00  4.24 10.22 40.90 225.18  0.00 -3  0.01 -1
210819 21 40 36.481752 001  0.00  0.00  1.99  9.04  0.50 180.00 1000000.00 -4 1000000.00 -3
210819 21 43 22.657887 006  3.28 10.41 19.03 16.87 20.76 313.02  0.13 00  2.09 02
210819 21 43 59.833465 001  0.00  0.00  2.04  6.08  0.50 180.00 1000000.00 -4 1000000.00 -3
210819 21 49 49.976716 002  0.00  0.00  1.99 12.62  0.50 180.00 1000000.00 -3  0.00 -2
210819 21 51 37.530364 001  0.00  0.00 13.97  4.96  0.50 180.00 1000000.00 -4 1000000.00 -3
210819 21 54 06.943097 001  0.00  0.00 18.99  3.99  0.50 180.00 1000000.00 -4 1000000.00 -3
210819 21 56 30.818385 004  2.00  6.64 12.86  8.70  3.77 12.37  0.00 -2  1.06 00
210819 21 57 52.739365 004  0.00  0.00  3.21  4.06 62.62 38.28  0.00 -2  1.02 00
210819 22 07 35.440296 003  0.00  0.00 15.10 12.71 63.83 342.03  0.00 -3  0.95 -1
210819 22 07 41.764314 002  0.00  0.00  9.47  8.48  0.50 180.00 1000000.00 -3  0.17 -1
210819 22 13 25.531324 003  0.00  0.00  8.82  1.05 61.23 285.66  0.00 -3  3.24 -1
210819 22 13 56.119945 004  0.96  3.37 20.12 13.29 33.70 148.16  0.00 -2  0.33 00
210819 22 14 02.982715 002  0.00  0.00 15.48  1.54  0.50 180.00 1000000.00 -3  2.73 -1
210819 22 25 50.881285 002  0.00  0.00  2.35  6.05  0.50 180.00 1000000.00 -3  0.00 -2
210819 22 28 46.894479 007  1.22  7.18  5.37  6.35 52.41 174.96  0.31 01  5.13 04
210819 22 30 52.913062 002  0.00  0.00  8.00 15.12  0.50 180.00 1000000.00 -3  0.00 -2
210819 22 31 22.083375 002  0.00  0.00 14.53  4.61  0.50 180.00 1000000.00 -3  0.15 -1
210819 22 37 45.720819 004  1.29  5.00 20.34 11.70 45.49 295.79  0.00 -2  0.78 00
210819 22 41 17.875579 005  1.20  4.32 13.95  5.05 31.78 257.40  0.66 -1  3.68 01
210819 22 44 03.940318 002  0.00  0.00 17.82 16.22  0.50 180.00 1000000.00 -3  0.00 -1
210819 22 48 28.501088 002  0.00  0.00 19.82  6.08  0.50 180.00 1000000.00 -3  0.00 -2
210819 22 50 13.265169 002  0.00  0.00 13.58  7.00  0.50 180.00 1000000.00 -3  0.00 -2
210819 22 54 06.375202 001  0.00  0.00  5.00 15.01  0.50 180.00 1000000.00 -4 1000000.00 -3
210819 22 57 38.904600 002  0.00  0.00  3.94  6.43  0.50 180.00 1000000.00 -3  0.00 -2
210819 23 01 46.094292 002  0.00  0.00  6.63  2.41  0.50 180.00 1000000.00 -3  0.16 -1
210819 23 05 49.398439 005  3.04 10.15 14.91  4.73 30.73 153.41  0.54 -1  1.99 01
210819 23 06 34.788002 002  0.00  0.00 17.99  8.57  0.50 180.00 1000000.00 -3  0.00 -2
210819 23 09 46.731268 002  0.00  0.00  1.53 11.02  0.50 180.00 1000000.00 -3  0.00 -2
210819 23 12 37.283869 001  0.00  0.00 19.03  5.02  0.50 180.00 1000000.00 -4 1000000.00 -3
210819 23 13 13.543956 001  0.00  0.00 17.00  8.99  0.50 180.00 1000000.00 -4 1000000.00 -3
210819 23 17 06.572843 002  0.00  0.00 14.56  2.57  0.50 180.00 1000000.00 -3  0.00 -2
210819 23 25 42.607939 003  0.00  0.00  9.81 11.68 14.58 251.53  0.00 -3  2.75 -1
210819 23 28 26.841396 003  0.00  0.00 19.38 13.47 32.17 54.66  0.00 -3  0.19 00
210819 23 32 03.560460 003  0.00  0.00  9.33 13.65 59.72 287.56  0.00 -3  0.43 -1
210819 23 39 05.903385 003  0.00  0.00 21.15 16.85 62.33 41.95  0.00 -3  0.03 -1
210819 23 43 07.600400 001  0.00  0.00 10.99 10.00  0.50 180.00 1000000.00 -4 1000000.00 -3
210819 23 45 54.895360 004  1.10  3.88 17.78  7.17 28.38 206.30  0.00 -2  0.22 00
210819 23 49 39.252452 001  0.00  0.00 10.00 15.01  0.50 180.00 1000000.00 -4 1000000.00 -3
210819 23 52 02.053824 003  0.00  0.00 14.17  9.66 23.88  9.26  0.00 -3  0.00 -1
