2018-10-03 01:27:21.850197550  39.7788 -113.5301    -8.2  C   0.2  4.8  0.3  16
2018-10-03 02:03:54.484406233  39.7312 -113.5985   -15.5  C   1.1  0.2  0.1   3
2018-10-03 02:05:25.603962058  39.7419 -113.5976    +4.5  C   0.3  0.2  0.2  96
2018-10-03 02:05:58.945806621  39.5914 -113.5555    +7.7  C   0.6  0.2  0.2  36
2018-10-03 02:05:58.957169226  39.5931 -113.5603    +5.0  C   1.8  0.2  0.2 148
2018-10-03 02:05:59.012845549  39.6435 -113.5768    -6.3  C   0.9  0.4  0.2  13
2018-10-03 02:06:13.365809036  39.4589 -113.5900   +12.1  C   0.5  0.2  0.1 157
2018-10-03 02:06:44.007965625  39.4637 -113.5849    +7.2  C   0.7  0.2  0.2  36
2018-10-03 02:06:44.010138713  39.4633 -113.5836    +6.0  C   1.2  0.2  0.2 140
2018-10-03 02:07:47.411137630  39.4670 -113.5761    +3.9  C   0.9  0.2  0.2 141
2018-10-03 02:07:47.416697634  39.4750 -113.5821    +5.8  C   2.2  0.4  0.2 177
2018-10-03 02:07:47.419561391  39.4774 -113.5770    +3.8  C   0.3  0.2  0.2 143
2018-10-03 02:07:47.668133479  39.4498 -113.5585    -2.8  C   1.0  0.2  0.2 140
2018-10-03 02:08:08.514718010  39.4705 -113.5734    +5.8  C   0.9  0.2  0.2 174
2018-10-03 02:08:08.573438238  39.6059 -113.5720    +8.3  C   1.4  0.2  0.2  32
2018-10-03 02:08:08.806096425  39.4706 -113.5736    +4.4  C   0.6  0.2  0.2 146
2018-10-03 02:08:08.831722388  39.5580 -113.5896    -7.1  C   0.8  0.2  0.2  33
2018-10-03 02:08:08.842047210  39.4713 -113.5737    +8.1  C   0.2  0.2  0.2 174
2018-10-03 02:08:08.870003137  39.4714 -113.5733    +4.1  C   0.8  0.2  0.2 143
2018-10-03 02:08:30.083616980  39.4653 -113.5865    +3.8  C   0.1  0.2  0.2 142
2018-10-03 02:08:41.915730603  39.6119 -113.5517    +4.6  C   1.3  0.2  0.2  28
2018-10-03 02:09:07.405564507  39.7523 -113.5793    +3.0  C   0.0  0.4  0.4  70
2018-10-03 02:09:07.405666540  39.7527 -113.5821   +13.8  C   0.3  0.4  0.4  70
2018-10-03 02:09:07.424679202  39.7526 -113.5805    +6.3  C   0.3  0.2  0.2  15
2018-10-03 02:09:39.480983078  39.6119 -113.5530    +5.5  C   0.2  0.2  0.2  31
2018-10-03 02:09:46.060680461  39.6474 -113.5996    +6.2  C   0.5  0.2  0.2  28
2018-10-03 02:10:13.013710826  39.3991 -113.5912    -6.5  C   1.0  0.2  0.2  36
2018-10-03 02:10:13.014215040  39.3969 -113.5953    -2.7  C   0.0  0.4  0.4 143
2018-10-03 02:10:13.030390869  39.3993 -113.5965    -3.8  C   1.2  0.2  0.2 177
2018-10-03 02:10:13.548482212  39.4437 -113.5379    -9.5  G   0.8  4.8  0.2  41
2018-10-03 02:10:13.548492390  39.4121 -113.5782    -8.1  G   1.8  0.7  0.2  42
2018-10-03 02:10:13.698769845  39.4108 -113.5778    -6.1  G   1.6  0.2  0.2  88
2018-10-03 02:10:32.438417955  39.6190 -113.5464    +4.2  C   1.7  0.2  0.2 149
2018-10-03 02:10:32.534849603  39.7306 -113.5855    +6.4  C   0.3  0.2  0.2  24
2018-10-03 02:10:35.131114558  39.6569 -113.5958    +4.5  C   3.9  0.2  0.2  97
2018-10-03 02:11:07.528505723  39.4635 -113.5512    -3.8  C   0.1  0.4  0.4 143
2018-10-03 02:11:07.528715091  39.4648 -113.5508    -3.7  C   0.1  0.4  0.4 142
2018-10-03 02:11:07.528744674  39.4618 -113.5481    -2.9  C   0.1  0.4  0.4 139
2018-10-03 02:11:07.575451305  39.5034 -113.5580    -9.7  G   0.3  0.2  0.2  36
2018-10-03 02:11:08.052173423  39.5038 -113.5590    -9.9  G   0.9  0.2  0.2  34
2018-10-03 02:11:20.802212003  39.4712 -113.5485    +9.2  C   0.4  0.2  0.1 125
2018-10-03 02:11:35.330846703  39.7728 -113.5927   +13.0  C   0.5  0.2  0.1  90
2018-10-03 02:11:47.660373147  39.6165 -113.5685   -10.0  G   1.8  0.2  0.2  29
2018-10-03 02:11:47.717061883  39.5988 -113.5548   -14.7  G   0.7  0.2  0.1  43
2018-10-03 02:11:47.774090382  39.6110 -113.5729   -12.9  G   0.4  0.2  0.2  29
2018-10-03 02:12:19.832480414  39.6190 -113.5487    -7.1  G   0.3  0.2  0.2  32
2018-10-03 02:12:19.889916765  39.6252 -113.5303   -12.3  C   0.5  0.2  0.1 174
2018-10-03 02:12:19.932350795  39.6252 -113.5317   -10.5  G   1.7  0.2  0.2  94
2018-10-03 02:12:33.114744304  39.4740 -113.5616   -11.2  G   0.8  0.2  0.2  35
2018-10-03 02:12:33.157047039  39.4653 -113.5273   -11.5  G   0.9  0.2  0.2  39
2018-10-03 02:12:33.192651559  39.4258 -113.5283    -5.2  C   0.5  0.2  0.2 134
2018-10-03 02:12:38.186405195  39.6636 -113.5886    -5.3  C   1.2  0.4  0.4  30
2018-10-03 02:12:38.186529356  39.6562 -113.5899    -6.8  C   0.7  0.2  0.2  41
2018-10-03 02:12:38.186537613  39.6611 -113.5888    -6.9  C   0.7  0.4  0.4  26
2018-10-03 02:12:38.186711712  39.6618 -113.5869    -4.1  C   0.9  0.4  0.4  96
2018-10-03 02:12:38.265231632  39.6012 -113.5602    -2.8  G   1.0  9.7  0.2 160
2018-10-03 02:12:38.530747713  39.5791 -113.5484    -3.5  G   0.4  8.1  0.2 159
2018-10-03 02:12:53.127461152  39.6201 -113.5389   +11.2  C   0.4  0.2  0.1  89
2018-10-03 02:12:53.128134764  39.6211 -113.5395    +8.0  C   0.7  0.3  0.2  19
2018-10-03 02:13:10.472489018  39.7079 -113.5813    +9.6  C   1.4  0.2  0.2  30
2018-10-03 02:13:14.029860972  39.4384 -113.5716    +4.7  C   0.4  0.2  0.2 142
2018-10-03 02:13:23.160148789  39.4769 -113.4931   -13.6  G   0.9  0.2  0.1 153
2018-10-03 02:13:23.212594603  39.4765 -113.4942   -11.4  G   1.4  0.2  0.2  36
2018-10-03 02:13:23.553204109  39.4770 -113.4931   -15.2  G   0.8  0.2  0.1 116
2018-10-03 02:13:23.637475962  39.4766 -113.4932   -13.7  G   0.7  0.2  0.1 176
2018-10-03 02:13:43.850328516  39.7757 -113.5786    -5.2  G   2.7  0.3  0.2 150
2018-10-03 02:14:00.537097761  39.6791 -113.5834   -12.2  G   0.7  0.2  0.1 153
2018-10-03 02:14:00.587262232  39.6537 -113.5900   -10.2  G   1.2  0.2  0.2  30
2018-10-03 02:14:07.841932553  39.4149 -113.4951    -2.7  C   0.0  0.4  0.4 135
2018-10-03 02:14:07.842123229  39.4153 -113.4950    +3.1  C   0.0  0.4  0.4 131
2018-10-03 02:14:09.855625533  39.5914 -113.4918   -10.1  C   0.0  0.5  0.2 159
2018-10-03 02:14:09.855739392  39.6126 -113.5443   -14.6  C   0.6  0.2  0.1  76
2018-10-03 02:14:09.855882451  39.6074 -113.5567    -7.0  C   0.0  0.6  0.2  78
2018-10-03 02:14:28.982740674  39.6210 -113.5250    +4.2  C   0.6  0.2  0.2 168
2018-10-03 02:14:28.985876764  39.6270 -113.5189    +4.6  C   1.6  0.3  0.2 147
2018-10-03 02:14:44.738939873  39.7823 -113.5694    +5.9  C   2.2  0.3  0.2 150
2018-10-03 02:14:46.982694774  39.6112 -113.5541   -10.4  G   0.6  0.2  0.1 175
2018-10-03 02:14:47.037344132  39.6278 -113.5633    -8.7  G   1.4  0.2  0.2  29
2018-10-03 02:14:49.886101487  39.4573 -113.5269    -7.3  C   0.3  0.4  0.2 178
2018-10-03 02:14:49.886231367  39.4427 -113.5316   -10.8  C   0.7  0.2  0.1 122
2018-10-03 02:14:49.886299928  39.4486 -113.5526    -6.6  C   0.4  0.6  0.2 107
2018-10-03 02:14:49.952080773  39.4350 -113.5558   -13.4  G   0.5  0.2  0.1 160
2018-10-03 02:14:49.978162670  39.4494 -113.5140   -16.3  C   0.9  0.2  0.1 109
2018-10-03 02:14:50.006065538  39.4552 -113.5324   -13.2  G   0.4  0.2  0.1 166
2018-10-03 02:15:09.258445545  39.5480 -113.5181    +4.6  C   0.4  0.2  0.2 144
2018-10-03 02:15:20.107399745  39.4380 -113.5017    +5.2  C   1.3  0.2  0.2  90
2018-10-03 02:15:20.315269494  39.4497 -113.5107    +7.2  C   0.5  0.2  0.2  34
2018-10-03 02:15:20.324721077  39.4454 -113.5093    +7.5  C   2.6  0.2  0.2  38
2018-10-03 02:15:20.331485219  39.4494 -113.5090    +4.7  C   0.5  0.2  0.2 172
2018-10-03 02:15:20.335773163  39.4613 -113.5155    +4.0  C   1.1  0.2  0.2 139
2018-10-03 02:15:30.756129295  39.6185 -113.5503   -16.5  G   0.5  0.2  0.1  79
2018-10-03 02:15:30.781800542  39.6290 -113.5477   -15.8  G   1.0  0.2  0.1  44
2018-10-03 02:15:30.781831530  39.6262 -113.5475    -3.9  C   0.0  0.4  0.4  86
2018-10-03 02:15:30.807853515  39.6298 -113.5303   -13.6  G   0.8  0.2  0.1 154
2018-10-03 02:15:30.861175285  39.6203 -113.5401   -16.6  G   0.3  0.2  0.1 112
2018-10-03 02:15:30.884246202  39.5917 -113.5280    -3.7  G   0.1  7.4  0.2 160
2018-10-03 02:15:30.888549176  39.6675 -113.5632    -3.5  G   0.5  7.6  0.2 160
2018-10-03 02:15:30.900115516  39.6191 -113.5407    -5.6  G   1.0  0.2  0.2  96
2018-10-03 02:15:30.915956868  39.6190 -113.5410    -7.9  G   0.5  0.2  0.2  35
2018-10-03 02:15:47.707196492  39.4659 -113.5413   -10.6  G   0.8  0.2  0.2  36
2018-10-03 02:15:47.819228990  39.4476 -113.5236   -30.5  G   0.8  0.2  0.1 115
2018-10-03 02:15:48.002595157  39.4257 -113.5063   -15.0  G   0.7  0.2  0.2 174
2018-10-03 02:15:48.147032682  39.4261 -113.5075   -11.1  G   0.6  0.2  0.2  40
2018-10-03 02:15:56.614695350  39.4400 -113.4915    +9.0  C   1.4  0.2  0.2  39
2018-10-03 02:16:08.368587469  39.5470 -113.5190    -3.5  C   2.0  0.2  0.2 148
2018-10-03 02:16:08.385574644  39.5450 -113.5281   -19.8  G   0.7  0.2  0.1 117
2018-10-03 02:16:08.385731050  39.5427 -113.5127    +4.1  C   0.0  0.4  0.4 139
2018-10-03 02:16:08.436411424  39.5452 -113.5047   -24.8  G   0.4  0.2  0.1 123
2018-10-03 02:16:08.459160860  39.5445 -113.5057   -15.5  G   0.8  0.2  0.1 107
2018-10-03 02:16:08.479435304  39.5451 -113.5056   -22.7  G   0.5  0.2  0.1 145
2018-10-03 02:16:08.501764872  39.5451 -113.5049   -21.0  G   0.5  0.2  0.1 117
2018-10-03 02:16:08.533050753  39.5464 -113.5054   -23.9  G   0.6  0.2  0.1 126
2018-10-03 02:16:08.565014538  39.5452 -113.5048   -19.6  G   0.7  0.2  0.1 116
2018-10-03 02:16:08.717779787  39.5451 -113.5052   -41.0  G   0.5  0.2  0.1 118
2018-10-03 02:16:08.717923850  39.5374 -113.5579   +14.3  C   0.0  0.4  0.2 177
2018-10-03 02:16:14.497407838  39.6278 -113.5270    +7.8  C   0.5  0.2  0.2  10
2018-10-03 02:16:14.882783887  39.6847 -113.5558    -4.9  C   0.5  0.2  0.2 167
2018-10-03 02:16:34.920507954  39.4440 -113.5018    +6.3  C   0.4  0.2  0.2  37
2018-10-03 02:16:34.924194254  39.4419 -113.4985    +2.9  C   0.0  0.4  0.4 136
2018-10-03 02:16:34.924292302  39.4410 -113.4981    +6.2  C   0.1  0.4  0.4 134
2018-10-03 02:16:35.133435619  39.5048 -113.4977    +5.2  C   0.6  0.2  0.2  92
2018-10-03 02:16:42.706980393  39.7641 -113.5402   -26.1  G   0.6  0.2  0.1  88
2018-10-03 02:16:42.750589766  39.7604 -113.5269   -32.0  G   0.5  0.2  0.1 126
2018-10-03 02:16:42.776975806  39.7633 -113.5403   -13.1  G   0.7  0.2  0.2  81
2018-10-03 02:16:42.799677222  39.7645 -113.5389   -23.1  G   0.9  0.2  0.1 130
2018-10-03 02:16:42.859476957  39.7371 -113.5701    -8.0  G   0.5  0.2  0.2  25
2018-10-03 02:16:49.594076954  39.5459 -113.5263   -20.2  G   0.6  0.2  0.1 118
2018-10-03 02:16:49.621717080  39.5455 -113.5263   -23.6  G   0.9  0.2  0.1 118
2018-10-03 02:16:49.653101876  39.5440 -113.5206   -20.6  G   0.8  0.2  0.1 116
2018-10-03 02:16:49.674350658  39.5445 -113.5281   -12.8  G   0.9  0.2  0.1  72
2018-10-03 02:16:49.725915562  39.5598 -113.5172   -22.3  G   0.7  0.2  0.1 116
2018-10-03 02:16:49.779093829  39.5597 -113.5178   -21.9  G   0.8  0.2  0.1  95
2018-10-03 02:16:49.822885877  39.5597 -113.5171   -19.1  G   0.6  0.2  0.1 117
2018-10-03 02:16:55.972289355  39.4458 -113.4918    -8.4  G   0.6  0.2  0.2  39
2018-10-03 02:16:56.034114701  39.4458 -113.4907   -13.7  G   1.7  0.2  0.1 176
2018-10-03 02:16:56.161010063  39.4449 -113.4903   -13.3  G   0.0  0.4  0.4 136
2018-10-03 02:16:56.161114739  39.4440 -113.4924    +2.8  C   0.0  0.4  0.4 140
2018-10-03 02:17:05.332234603  39.5073 -113.4562    +4.5  C   1.2  0.2  0.2 136
2018-10-03 02:17:18.762971974  39.7674 -113.5355    -5.3  G   3.0  0.2  0.2 100
2018-10-03 02:17:37.988990277  39.4476 -113.4796   +10.1  C   1.9  0.2  0.2 134
2018-10-03 02:17:44.892565646  39.6341 -113.5202    +3.6  C   0.0  0.4  0.4  69
2018-10-03 02:17:44.892716399  39.6357 -113.5193   +10.2  C   0.2  0.4  0.4  68
2018-10-03 02:17:44.894030058  39.6360 -113.5186    +5.0  C   0.9  0.4  0.2  69
2018-10-03 02:17:44.905095758  39.6393 -113.5113    +4.6  C   1.4  0.2  0.2  28
2018-10-03 02:17:56.104267590  39.4515 -113.4900   -10.2  C   0.4  0.4  0.4  36
2018-10-03 02:17:56.104461545  39.4509 -113.4907    -5.3  C   0.4  0.4  0.4  43
2018-10-03 02:18:29.077813921  39.6385 -113.4622    -6.7  G   0.0  9.0  0.2   7
2018-10-03 02:18:29.117814770  39.4578 -113.4900    +9.1  C   0.6  0.4  0.2  18
2018-10-03 02:18:40.609716396  39.4604 -113.5122   -12.4  C   0.2  0.2  0.2  67
2018-10-03 02:18:40.609751557  39.4620 -113.5286    -4.7  C   0.0  0.6  0.2 107
2018-10-03 02:18:40.655770681  39.4601 -113.4813   -17.8  G   0.3  0.2  0.1 115
2018-10-03 02:18:40.698200625  39.4596 -113.4828   -18.5  G   1.5  0.2  0.1  72
2018-10-03 02:18:40.776774310  39.4589 -113.4820   -12.4  G   0.9  0.2  0.2 164
2018-10-03 02:18:40.844058013  39.4606 -113.4812   -16.4  G   0.5  0.2  0.1 136
2018-10-03 02:18:40.881855345  39.4593 -113.4822    -6.6  G   1.0  0.2  0.2  38
2018-10-03 02:18:40.976947866  39.4596 -113.4815    -6.0  G   0.8  0.2  0.2  91
2018-10-03 02:18:41.019163466  39.4599 -113.4814   -14.4  G   0.6  0.2  0.1  97
2018-10-03 02:18:41.038792053  39.4589 -113.4814    -6.1  G   0.8  0.2  0.2 171
2018-10-03 02:18:41.119802169  39.4603 -113.4811   -16.6  G   0.5  0.2  0.1 117
2018-10-03 02:18:41.176326946  39.4596 -113.4823    -6.8  C   0.7  0.2  0.2  37
2018-10-03 02:18:41.305361407  39.4596 -113.4819   -11.1  G   0.6  0.2  0.2  33
2018-10-03 02:18:41.516212296  39.4596 -113.4822    -7.7  G   1.2  0.2  0.2  40
2018-10-03 02:18:41.563150089  39.4596 -113.4821    -8.2  G   0.2  0.2  0.2  34
2018-10-03 02:18:44.824078001  39.7823 -113.5324    -3.5  C   0.1  0.4  0.2 160
2018-10-03 02:18:44.824185132  39.7702 -113.5377    -5.3  C   0.2  0.4  0.4  83
2018-10-03 02:18:44.844553059  39.7773 -113.5441   -12.1  G   0.6  0.2  0.2  81
2018-10-03 02:18:44.886628739  39.7677 -113.5239   -11.5  G   0.4  0.2  0.1  79
2018-10-03 02:18:44.931517934  39.7976 -113.5571   -12.5  G   0.5  0.2  0.2  76
2018-10-03 02:18:45.159319093  39.7845 -113.5344   -10.1  C   1.2  0.2  0.2  27
2018-10-03 02:19:17.740640736  39.4524 -113.4754    -3.1  G   0.0  9.6  0.2 107
2018-10-03 02:19:17.741897676  39.4550 -113.4749    +5.5  C   2.2  0.2  0.2 138
2018-10-03 02:19:17.746010489  39.4606 -113.4666    +4.6  C   1.3  0.2  0.2 172
2018-10-03 02:19:18.015334283  39.5280 -113.5022    -4.4  C   1.5  0.2  0.2 170
2018-10-03 02:19:18.228177077  39.6459 -113.5065    +3.6  C   0.1  0.4  0.4  41
2018-10-03 02:19:18.228222082  39.6465 -113.5069    +6.3  C   1.5  0.4  0.2  63
2018-10-03 02:19:18.228710618  39.6476 -113.5048   +10.7  C   0.9  0.2  0.1 140
2018-10-03 02:19:47.934767295  39.7683 -113.5151    +5.5  C   2.2  0.2  0.2  26
2018-10-03 02:19:47.935526243  39.7692 -113.5123    +4.2  C   0.3  0.4  0.4 104
2018-10-03 02:19:47.935594933  39.7689 -113.5129   +12.2  C   0.6  0.2  0.1 129
2018-10-03 02:19:47.937690574  39.7719 -113.5120    +4.2  C   2.9  0.4  0.2  70
2018-10-03 02:19:47.961990491  39.7667 -113.5129    +4.8  C   0.7  0.3  0.2 150
2018-10-03 02:20:00.346659986  39.5302 -113.4805    +5.3  C   0.7  0.2  0.2  35
2018-10-03 02:20:00.347376975  39.5471 -113.4604    +4.8  C   0.1  0.4  0.4 141
2018-10-03 02:20:00.347429195  39.5308 -113.4795   +11.3  C   0.9  0.2  0.1 116
2018-10-03 02:20:00.347466089  39.5466 -113.4591    +7.8  C   0.2  0.4  0.4 141
2018-10-03 02:20:00.348707622  39.5304 -113.4789   +11.1  C   0.4  0.4  0.2 175
2018-10-03 02:20:00.354880265  39.5277 -113.4783    +4.2  C   1.6  0.2  0.2 140
2018-10-03 02:20:00.602227602  39.5318 -113.4835    +9.5  C   0.3  0.2  0.2  36
2018-10-03 02:20:09.685862439  39.4549 -113.4722    +5.4  C   1.6  0.2  0.2  90
2018-10-03 02:20:31.456532679  39.7774 -113.5245    +7.7  C   0.6  0.2  0.2  19
2018-10-03 02:20:31.458462484  39.7755 -113.5259    +4.9  C   0.4  0.2  0.2 102
2018-10-03 02:20:34.247431593  39.5169 -113.4573    +9.9  C   0.4  0.2  0.1 133
2018-10-03 02:20:34.253519037  39.5193 -113.4403   +11.6  C   0.7  0.2  0.2  43
2018-10-03 02:21:30.651390297  39.6021 -113.4163   -14.6  G   0.7  0.2  0.1 158
2018-10-03 02:21:30.710596727  39.6009 -113.4019    -5.6  C   2.2  0.2  0.2  99
2018-10-03 02:21:30.733801448  39.6032 -113.4211   -14.8  G   0.6  0.2  0.1  38
2018-10-03 02:21:30.905408451  39.6031 -113.4210   -15.9  G   0.6  0.2  0.1 116
2018-10-03 02:21:30.925378714  39.5151 -113.3772    -3.8  G   0.2  7.4  0.2 158
2018-10-03 02:21:31.353408907  39.6266 -113.4397    +5.0  C   0.9  0.3  0.2 139
2018-10-03 02:21:31.358148483  39.6310 -113.4420    +7.2  C   2.1  0.6  0.2 111
2018-10-03 02:21:31.504922418  39.5499 -113.4801    +6.5  C   3.9  0.4  0.2  68
2018-10-03 02:21:31.623022509  39.5376 -113.4364   -15.9  G   0.7  0.2  0.1  48
2018-10-03 02:21:31.730570630  39.5151 -113.4639    +6.0  C   1.3  0.2  0.2  34
2018-10-03 02:22:06.147128092  39.4558 -113.4590    +3.8  C   0.8  0.2  0.2 170
2018-10-03 02:22:06.425707161  39.4725 -113.4890    +4.2  C   0.3  0.4  0.2  15
2018-10-03 02:22:06.487460401  39.5382 -113.5019    -4.2  C   1.5  0.3  0.2  18
2018-10-03 02:22:51.548326055  39.4871 -113.4639    +2.7  C   0.0  0.4  0.4 140
2018-10-03 02:22:51.548365503  39.4876 -113.4608    +4.8  C   1.0  0.2  0.2 138
2018-10-03 02:23:39.435837281  39.6219 -113.4142    +9.1  C   0.2  0.2  0.1  76
2018-10-03 02:23:39.448572841  39.6184 -113.4101    +2.7  C   0.0  0.4  0.4 140
2018-10-03 02:23:39.448627506  39.6198 -113.4128    +5.6  C   0.6  0.2  0.2 166
2018-10-03 02:23:59.751454327  39.7068 -113.4809   -34.2  G   0.4  0.2  0.1  86
2018-10-03 02:23:59.792231961  39.7083 -113.4812   -19.6  G   0.8  0.2  0.1 118
2018-10-03 02:23:59.813405828  39.7083 -113.4824    -6.9  G   0.4  0.3  0.2   6
2018-10-03 02:23:59.835455535  39.7076 -113.4822    -8.5  G   1.4  0.2  0.2  28
2018-10-03 02:23:59.844955063  39.7826 -113.5176    -3.4  G   0.0  6.9  0.2 159
2018-10-03 02:23:59.857454775  39.7076 -113.4818    -6.1  G   1.8  0.2  0.2 100
2018-10-03 02:23:59.901099473  39.7037 -113.4832   -18.7  G   0.9  0.2  0.1  21
2018-10-03 02:24:03.858431339  39.7805 -113.4923    +4.2  C   0.0  0.4  0.4 108
2018-10-03 02:24:03.858493739  39.7807 -113.4938    +7.2  C   0.9  0.2  0.2 108
2018-10-03 02:24:03.858502136  39.7904 -113.4949    +6.5  C   0.1  0.4  0.2 160
2018-10-03 02:24:03.858637692  39.7828 -113.4933    +5.1  C   0.1  0.4  0.2 160
2018-10-03 02:24:03.860273012  39.7859 -113.5030    +7.5  C   2.5  0.6  0.2 110
2018-10-03 02:24:07.101270731  39.5319 -113.4298    +4.8  G   0.7  0.2  0.2 138
2018-10-03 02:24:34.308404391  39.6120 -113.4015    +4.1  C   1.0  0.2  0.2 139
2018-10-03 02:24:36.116906446  39.7155 -113.4622   +12.3  C   0.9  0.2  0.1 125
2018-10-03 02:24:48.250729733  39.7974 -113.4915    +5.3  C   1.9  0.2  0.2 105
2018-10-03 02:24:52.807727632  39.5880 -113.3899   -11.1  C   0.2  0.4  0.4  13
2018-10-03 02:24:52.807949461  39.5971 -113.3899    -9.8  C   2.1  0.4  0.4  60
2018-10-03 02:24:52.808224583  39.6006 -113.3871   -16.0  C   1.1  0.2  0.1 107
2018-10-03 02:24:52.808234596  39.6019 -113.3882   -17.8  C   0.6  0.4  0.4  15
2018-10-03 02:24:52.808300420  39.5996 -113.3706    -7.1  C   1.2  0.4  0.4  99
2018-10-03 02:24:52.935077726  39.5968 -113.3994    -5.6  G   0.6  0.2  0.2  34
2018-10-03 02:24:52.937370239  39.5995 -113.3891    -2.9  C   1.3  0.3  0.2 135
2018-10-03 02:24:53.389642766  39.5944 -113.3742    -6.3  G   0.6  0.2  0.2  37
2018-10-03 02:24:53.525226204  39.5950 -113.3738   -14.9  G   1.0  0.2  0.1 150
2018-10-03 02:25:17.543301410  39.6181 -113.4026    +6.9  C   3.0  0.4  0.2  69
2018-10-03 02:25:17.543884935  39.6224 -113.3825    +6.3  C   6.2  0.2  0.2  35
2018-10-03 02:25:17.544634471  39.6209 -113.4040    +5.3  C   0.6  0.2  0.2  35
2018-10-03 02:25:17.919021796  39.5791 -113.4727    -3.4  C   0.0  0.4  0.4 141
2018-10-03 02:25:54.299079490  39.5720 -113.5606    -2.6  G   3.7 11.8  0.2 108
2018-10-03 02:25:54.633178498  39.5376 -113.4092   +10.4  C   0.8  0.4  0.2   5
2018-10-03 02:25:54.633250575  39.4415 -113.4589   -12.9  G   1.9  0.5  0.2  79
2018-10-03 02:26:19.152633912  39.5984 -113.3577   -11.5  G   0.3  0.2  0.2  34
2018-10-03 02:26:19.194946241  39.6093 -113.4148   -12.5  C   0.7  0.2  0.1 167
2018-10-03 02:26:19.246689102  39.5832 -113.3707   -16.9  G   0.5  0.2  0.1   1
2018-10-03 02:26:19.316107749  39.5826 -113.3714   -19.6  G   0.9  0.2  0.1  40
2018-10-03 02:26:19.372218225  39.5830 -113.3705   -15.1  G   0.8  0.2  0.1  57
2018-10-03 02:26:19.413809992  39.5828 -113.3705   -10.2  G   0.5  0.2  0.2  35
2018-10-03 02:26:19.778640759  39.5836 -113.3704   -20.5  G   0.8  0.2  0.1 115
2018-10-03 02:26:19.789816204  39.6078 -113.3850    -7.0  C   2.6  0.2  0.2  99
2018-10-03 02:26:20.843421929  39.6893 -113.5081    +6.8  C   0.4  0.2  0.2  26
2018-10-03 02:26:21.110634025  39.6964 -113.4301    -3.4  C   0.1  0.3  0.2 145
2018-10-03 02:26:39.100255645  39.6232 -113.3784    +9.6  C   0.5  0.2  0.1  48
2018-10-03 02:26:39.101645360  39.6178 -113.4092    +5.0  C   0.3  0.4  0.2 175
2018-10-03 02:26:48.022633611  39.7876 -113.4879    -8.6  C   0.9  0.2  0.2  97
2018-10-03 02:26:48.037784340  39.7866 -113.4865   -13.9  G   0.6  0.2  0.1 149
2018-10-03 02:26:48.079596142  39.7909 -113.4748   -13.2  G   0.5  0.2  0.1 161
2018-10-03 02:26:48.112687551  39.7902 -113.4895   -14.0  C   0.6  0.2  0.1  17
2018-10-03 02:26:48.145529306  39.7925 -113.4891   -17.1  G   0.2  0.2  0.1 149
2018-10-03 02:26:48.298772164  39.7882 -113.4870   -14.1  G   0.4  0.4  0.2  11
2018-10-03 02:26:48.298988741  39.6858 -113.5262   +21.6  G   9.6  3.4  0.4  29
2018-10-03 02:26:52.249457692  39.5374 -113.3868    -4.5  C   1.3  0.2  0.2 134
2018-10-03 02:26:52.268467528  39.5319 -113.3989   -18.6  G   0.4  0.2  0.1 117
2018-10-03 02:26:52.325995584  39.5293 -113.3731   -17.0  G   0.4  0.2  0.1 116
2018-10-03 02:26:52.370260554  39.5349 -113.3776   -16.0  G   0.5  0.2  0.1 115
2018-10-03 02:26:52.401544951  39.5335 -113.3778    -4.6  G   0.7  0.2  0.2 136
2018-10-03 02:27:21.805462727  39.7911 -113.4724    +5.1  C   1.7  0.2  0.2 105
2018-10-03 02:27:24.323247078  39.7324 -113.4639    -5.8  C   0.0  0.4  0.4  19
2018-10-03 02:27:24.324046555  39.7276 -113.4496    -5.2  C   0.3  0.4  0.4  71
2018-10-03 02:27:24.390772063  39.7124 -113.4854   -10.9  G   0.4  0.2  0.2  26
2018-10-03 02:27:24.450911223  39.7174 -113.4551   -12.7  G   0.7  0.4  0.2  71
2018-10-03 02:27:24.450974310  39.7041 -113.4389   +15.0  G   7.6  0.2  0.1 150
2018-10-03 02:27:31.545892850  39.6287 -113.3664    +6.6  C   0.3  1.2  0.2 141
2018-10-03 02:27:31.546794705  39.6317 -113.3960    +9.6  C   6.7  0.2  0.1 157
2018-10-03 02:27:31.558867112  39.6275 -113.3867    +7.7  C   1.1  0.3  0.2  76
2018-10-03 02:27:32.041000707  39.5543 -113.3931    -4.6  C   0.8  0.5  0.2 159
2018-10-03 02:27:42.993049100  39.7435 -113.5036    +6.2  C   1.3  0.3  0.2  20
2018-10-03 02:27:43.010485449  39.7373 -113.4538    +5.7  C   1.4  0.2  0.2 103
2018-10-03 02:27:46.745765529  39.5782 -113.3421   -12.9  C   0.5  0.2  0.1  80
2018-10-03 02:27:46.816476752  39.5785 -113.3417   -13.6  G   1.3  0.2  0.2  64
2018-10-03 02:27:46.887314811  39.5784 -113.3410   -14.9  G   0.5  0.2  0.1 152
2018-10-03 02:27:46.962974661  39.5782 -113.3421   -14.9  G   0.3  0.2  0.1 166
2018-10-03 02:27:47.018747476  39.5788 -113.3414    -9.3  G   0.5  0.2  0.2  35
2018-10-03 02:28:40.981527041  39.6391 -113.4052    +6.5  C   1.0  0.2  0.2  99
2018-10-03 02:28:40.981552039  39.6389 -113.4007    +3.9  C   0.9  0.4  0.4  99
2018-10-03 02:28:41.056925223  39.5955 -113.4472    +2.4  C   0.0  0.4  0.4 141
2018-10-03 02:28:41.056953533  39.5946 -113.4445    +4.8  C   0.2  0.2  0.2 166
2018-10-03 02:28:41.302335702  39.6254 -113.3497    -3.6  C   1.1  0.3  0.2 136
2018-10-03 02:28:41.409830272  39.5525 -113.4280   +12.8  C   1.0  0.3  0.1 106
2018-10-03 02:28:41.414089054  39.5484 -113.4297   -39.5  G   1.1  0.2  0.1  89
2018-10-03 02:28:41.424681091  39.5443 -113.3904    +5.1  C   0.4  0.2  0.2 138
2018-10-03 02:28:41.426956885  39.5245 -113.4306    +2.9  C   0.3  0.2  0.2 136
2018-10-03 02:28:41.602270878  39.5317 -113.3414   +13.4  C   2.1  0.3  0.2  80
2018-10-03 02:28:45.593119426  39.7294 -113.4585   -12.8  G   0.8  0.2  0.1   4
2018-10-03 02:28:45.634790001  39.7391 -113.4602   -10.5  C   0.6  0.2  0.2  25
2018-10-03 02:28:45.708028596  39.7185 -113.4707   -12.2  G   0.4  0.2  0.2  81
2018-10-03 02:28:46.934641440  39.7361 -113.4635   -22.3  G   0.4  0.2  0.1  78
2018-10-03 02:28:47.006878170  39.7191 -113.4770   -10.8  C   1.0  0.2  0.2  26
2018-10-03 02:28:47.052944141  39.7361 -113.4650   -15.6  G   0.8  0.2  0.1  47
2018-10-03 02:28:56.892130721  39.7794 -113.4425   -21.2  G   0.7  0.2  0.1 148
2018-10-03 02:28:56.958290441  39.7906 -113.4468    -3.6  C   0.3  0.2  0.2 106
2018-10-03 02:28:56.959057326  39.7885 -113.4393   -13.1  G   1.3  0.2  0.1 150
2018-10-03 02:28:56.988114591  39.7886 -113.4418    -6.5  G   0.7  0.2  0.2  26
2018-10-03 02:29:33.091726852  39.7205 -113.4106    -6.9  C   0.0  0.4  0.4 174
2018-10-03 02:29:33.091912378  39.7158 -113.4083    -6.4  C   0.3  0.4  0.4 171
2018-10-03 02:29:33.097802458  39.7126 -113.3983   -13.2  G   0.1  0.4  0.4  99
2018-10-03 02:29:33.097806651  39.7007 -113.4134   -14.2  G   1.7  0.2  0.2  22
2018-10-03 02:29:33.120211062  39.7116 -113.4159   -11.3  G   0.5  0.2  0.2  26
2018-10-03 02:29:33.165002990  39.6955 -113.4108   -17.9  G   0.7  0.2  0.1 126
2018-10-03 02:29:33.228700577  39.7217 -113.3911    +5.8  C   1.2  0.2  0.2  22
2018-10-03 02:29:33.286140514  39.6941 -113.4118   -11.8  G   0.3  0.2  0.2  28
2018-10-03 02:29:33.327761035  39.6941 -113.4117   -12.5  G   1.3  0.2  0.1  80
2018-10-03 02:29:33.354572039  39.6943 -113.4128   -15.3  G   0.9  0.2  0.1  27
2018-10-03 02:29:33.412457014  39.6950 -113.4119   -34.7  G   0.8  0.2  0.1  68
2018-10-03 02:29:33.441486393  39.6936 -113.4122    -8.4  G   1.1  0.2  0.2  31
2018-10-03 02:29:33.820695443  39.6939 -113.4119   -14.1  G   0.6  0.2  0.2  81
2018-10-03 02:29:33.894312472  39.6940 -113.4120   -10.2  G   0.7  0.2  0.2  19
2018-10-03 02:29:34.132805811  39.6944 -113.4117    -8.0  G   1.4  0.2  0.2  31
2018-10-03 02:29:39.670213280  39.7385 -113.4591    +5.1  C   1.4  0.3  0.2 147
2018-10-03 02:29:39.673608536  39.7393 -113.4535    +5.1  C   0.6  0.2  0.2 102
2018-10-03 02:29:39.747071343  39.7221 -113.4086    -5.3  C   1.4  0.2  0.2 105
2018-10-03 02:30:04.913674211  39.6377 -113.3609    +6.4  C   0.7  0.6  0.2  40
2018-10-03 02:30:04.915827219  39.6382 -113.3598    +4.9  C   0.1  0.4  0.2  13
2018-10-03 02:30:04.920509724  39.6352 -113.3623    +7.0  C   0.2  0.2  0.2  33
2018-10-03 02:30:04.972743013  39.6283 -113.3595    +6.6  C   0.7  0.2  0.2  34
2018-10-03 02:30:04.978815174  39.6303 -113.3750    +6.0  C   1.1  0.2  0.2  33
2018-10-03 02:30:04.980651966  39.6289 -113.3763    +5.5  C   1.1  0.3  0.2 138
2018-10-03 02:30:10.485058134  39.7441 -113.4458    +9.7  C   0.4  0.2  0.1 156
2018-10-03 02:30:10.487297289  39.7448 -113.4444    +5.8  C   0.6  0.2  0.2  29
2018-10-03 02:30:36.779522236  39.7528 -113.4465    +4.3  C   2.1  0.3  0.2 145
2018-10-03 02:30:37.095071405  39.7574 -113.4261    +5.9  C   1.6  0.2  0.2 104
2018-10-03 02:30:42.699151802  39.5238 -113.3981   +10.5  C   0.6  0.4  0.2  15
2018-10-03 02:30:42.699699438  39.5252 -113.3948    +8.0  C   0.4  0.2  0.2  39
2018-10-03 02:30:42.701342098  39.5222 -113.4282    +5.2  C  14.8  0.2  0.2  94
2018-10-03 02:30:42.704186109  39.5265 -113.4060    +8.3  C   1.0  0.3  0.2  76
2018-10-03 02:31:08.533503950  39.7370 -113.4362   -13.6  G   0.6  0.2  0.1  84
2018-10-03 02:31:08.994312976  39.7365 -113.4344   -14.6  G   1.1  0.2  0.1 126
2018-10-03 02:31:08.995907136  39.6818 -113.5438   -14.7  G  14.5  3.4  0.4  50
2018-10-03 02:31:09.067107860  39.7377 -113.4352   -16.2  C   0.5  0.2  0.1 130
2018-10-03 02:31:09.122975132  39.7368 -113.4361   -12.5  G   0.7  0.2  0.1 148
2018-10-03 02:31:09.423760254  39.7362 -113.4368    -7.8  G   0.5  0.2  0.2  27
2018-10-03 02:31:09.772375272  39.7369 -113.4358   -10.1  G   0.4  0.2  0.2  24
2018-10-03 02:31:36.454468606  39.7523 -113.4383   -16.7  G   0.6  0.2  0.1 127
2018-10-03 02:31:36.481442400  39.7512 -113.4396   -13.3  G   0.7  0.2  0.2  81
2018-10-03 02:31:36.501312138  39.7522 -113.4389   -15.9  G   0.7  0.2  0.1  75
2018-10-03 02:31:36.546479427  39.7523 -113.4386   -27.3  G   0.9  0.2  0.1 127
2018-10-03 02:31:36.639177271  39.7519 -113.4390    -8.3  G   0.2  0.2  0.2  29
2018-10-03 02:31:36.754712819  39.7516 -113.4389   -18.2  G   0.9  0.2  0.1 170
2018-10-03 02:31:36.780482991  39.7517 -113.4396    -6.4  G   1.2  0.3  0.2   6
2018-10-03 02:31:36.805021500  39.7516 -113.4397    -7.1  G   0.5  0.2  0.2  28
2018-10-03 02:31:36.923440249  39.7514 -113.4393   -10.7  G   0.8  0.2  0.2  81
2018-10-03 02:32:02.791045350  39.7624 -113.4389   -28.4  G   0.6  0.2  0.1 128
2018-10-03 02:32:02.852263932  39.7624 -113.4362   -12.9  C   0.5  0.2  0.1 150
2018-10-03 02:32:02.890717828  39.7631 -113.4353   -13.0  G   0.2  0.2  0.1 159
2018-10-03 02:32:02.936833681  39.7608 -113.4341   -19.8  G   0.8  0.2  0.1 110
2018-10-03 02:32:02.991083485  39.7554 -113.4443    -6.7  C   3.1  0.2  0.2  42
2018-10-03 02:32:03.296648574  39.7616 -113.4344   -19.0  G   0.6  0.2  0.1 127
2018-10-03 02:32:03.356528519  39.7612 -113.4356   -16.7  G   0.5  0.2  0.1  76
2018-10-03 02:32:03.390457688  39.6490 -113.3200    +4.5  C   0.1  0.3  0.2 138
2018-10-03 02:32:03.421850418  39.7610 -113.4347   -12.1  G   0.2  0.2  0.1  83
2018-10-03 02:32:22.717176329  39.7625 -113.4255    -5.2  C   0.2  0.2  0.2  27
2018-10-03 02:32:34.666927175  39.6461 -113.3673    +6.1  C   0.2  0.3  0.2  19
2018-10-03 02:32:34.725094790  39.5538 -113.3506    +4.1  C   1.4  0.5  0.2 158
2018-10-03 02:32:35.032792677  39.5602 -113.3607    -3.0  C   0.1  0.4  0.4 136
2018-10-03 02:32:57.347074123  39.7590 -113.4432   -24.9  G   0.6  0.2  0.1 110
2018-10-03 02:32:57.370278545  39.7597 -113.4443   -18.7  G   1.6  0.2  0.2 121
2018-10-03 02:32:57.370287071  39.7295 -113.4635   -24.7  G   8.1  5.6  0.3  33
2018-10-03 02:32:57.424325401  39.7622 -113.4337   -24.5  G   0.9  0.2  0.1 129
2018-10-03 02:32:57.467189079  39.7612 -113.4349   -10.7  G   1.2  0.2  0.2 111
2018-10-03 02:32:57.493774677  39.7612 -113.4351   -11.0  G   0.7  0.2  0.1  83
2018-10-03 02:32:57.653283009  39.7606 -113.4356   -12.5  G   0.8  0.2  0.2  80
2018-10-03 02:32:57.681475628  39.7610 -113.4350    -8.8  G   0.6  0.2  0.2  25
2018-10-03 02:33:08.602493299  39.7487 -113.4401   -19.3  G   0.6  0.2  0.1 127
2018-10-03 02:33:08.724040141  39.7724 -113.4367    -8.7  G   0.0  0.3  0.2  21
2018-10-03 02:33:09.103650540  39.7725 -113.4362    -8.3  G   0.5  0.2  0.2  26
2018-10-03 02:33:36.138474615  39.7513 -113.4337   -15.4  G   0.5  0.2  0.1  57
2018-10-03 02:33:36.193409570  39.7622 -113.4216   -15.3  G   0.9  0.2  0.1  13
2018-10-03 02:33:36.307083074  39.7642 -113.4251   -11.1  G   0.8  0.2  0.2  26
2018-10-03 02:33:36.397566430  39.7640 -113.4248    -9.3  G   1.9  0.2  0.2  29
2018-10-03 02:33:36.397655366  39.7321 -113.4116   +10.3  C   1.0  0.3  0.2 109
2018-10-03 02:33:53.162443912  39.5562 -113.2757    +6.6  C   1.2  0.3  0.2   7
2018-10-03 02:34:52.346669046  39.7538 -113.4211   -12.9  G   8.5  0.2  0.1  90
2018-10-03 02:34:52.359230035  39.7528 -113.4275   -13.0  G   1.4  0.2  0.2  28
2018-10-03 02:34:52.726197629  39.7530 -113.4271   -13.6  G   0.7  0.2  0.1  83
2018-10-03 02:34:52.749721015  39.6477 -113.3174    +7.5  C   1.3  0.2  0.2  32
2018-10-03 02:34:52.753918342  39.6517 -113.3233    +5.7  C   0.4  0.2  0.2  42
2018-10-03 02:34:52.755636596  39.7531 -113.4272    -8.3  G   0.4  0.2  0.2  25
2018-10-03 02:34:52.936413812  39.6206 -113.3372    +4.6  C   0.5  0.2  0.2  35
2018-10-03 02:35:39.121841818  39.6702 -113.3585    -7.9  C   0.2  0.6  0.2 112
2018-10-03 02:35:39.121882536  39.6682 -113.3580    +6.3  C   1.7  0.3  0.2  75
2018-10-03 02:35:39.122042207  39.6727 -113.3677    -8.5  C   0.2  0.6  0.2 111
2018-10-03 02:35:39.122142500  39.6673 -113.3547    -6.6  C   0.1  0.6  0.2 111
2018-10-03 02:35:39.134438078  39.6650 -113.3494    -8.6  G   0.5  0.2  0.2  32
2018-10-03 02:35:39.156551998  39.6841 -113.3819   -15.0  G   0.7  0.2  0.1  55
2018-10-03 02:36:04.541562503  39.6638 -113.3338    -3.7  C   1.4  0.3  0.2 138
2018-10-03 02:36:04.571432075  39.6798 -113.3641    +8.2  C   0.8  0.2  0.2  27
2018-10-03 02:36:04.599329631  39.6825 -113.3637    +6.9  C   1.0  0.3  0.2   7
2018-10-03 02:36:04.620646322  39.6833 -113.3647    +4.4  C   1.6  0.5  0.2 159
2018-10-03 02:36:04.820893047  39.6890 -113.3796    -6.2  G   3.0  0.2  0.2  31
2018-10-03 02:36:04.841327046  39.6800 -113.3642    +3.7  C   0.3  0.2  0.2 166
2018-10-03 02:36:18.763229150  39.5580 -113.2454    +9.5  C   0.3  0.2  0.1 158
2018-10-03 02:36:18.764172401  39.5581 -113.2444    +8.5  C   0.3  0.2  0.1 174
2018-10-03 02:36:18.765613949  39.5612 -113.2405    +5.1  C   1.6  0.4  0.2  71
2018-10-03 02:37:08.465510159  39.6923 -113.3565    +4.4  C   2.9  0.3  0.2 141
2018-10-03 02:37:08.894840190  39.7369 -113.4430    +5.8  C   1.2  0.2  0.2  29
2018-10-03 02:37:09.079674374  39.6016 -113.3219   +11.7  C   1.2  0.2  0.1  29
2018-10-03 02:37:09.127319328  39.6064 -113.3198    +4.9  C   1.3  0.3  0.2 137
2018-10-03 02:37:09.146400310  39.6025 -113.3244    +5.3  C   0.8  0.2  0.2 163
2018-10-03 02:38:00.944480347  39.6454 -113.2719   -15.9  C   0.5  0.2  0.1 157
2018-10-03 02:38:01.006848511  39.6430 -113.3035   -16.5  G   1.4  0.2  0.1  79
2018-10-03 02:38:01.007494102  39.5718 -113.2251    -9.2  C   3.2  3.5  0.2 156
2018-10-03 02:38:01.248407576  39.6407 -113.3038   -23.0  G   1.1  0.2  0.1 155
2018-10-03 02:38:20.031183621  39.5734 -113.2435    +8.3  C   0.4  0.2  0.1  85
2018-10-03 02:38:20.032683616  39.5749 -113.2442    +7.2  C   1.4  0.2  0.2  37
2018-10-03 02:38:20.034528230  39.5763 -113.2438    +7.2  C   0.5  0.2  0.2  35
2018-10-03 02:38:32.460920376  39.7442 -113.3079   -25.3  G   0.8  0.2  0.1  47
2018-10-03 02:38:32.509678345  39.7322 -113.2835   -23.8  G   0.8  0.2  0.1 135
2018-10-03 02:38:32.567886489  39.7443 -113.3038   -19.9  G   0.9  0.2  0.1 125
2018-10-03 02:38:32.567928817  39.7410 -113.3011    -4.2  C   0.0  0.4  0.4 140
2018-10-03 02:38:32.721422737  39.7316 -113.3079    +3.1  C   0.1  0.3  0.2 140
2018-10-03 02:38:32.738394861  39.7443 -113.3100   -15.4  G   0.7  0.2  0.1  54
2018-10-03 02:38:32.839018343  39.7425 -113.3086    -5.5  G   0.7  0.2  0.2 165
2018-10-03 02:39:13.732781918  39.6718 -113.3191    +3.7  C   0.0  0.4  0.2  12
2018-10-03 02:39:13.734334139  39.6720 -113.3191    +5.5  C   0.6  0.2  0.2  33
2018-10-03 02:39:13.958525628  39.6725 -113.2957    -3.8  C   0.7  0.3  0.2 139
2018-10-03 02:39:13.987300626  39.6284 -113.2948    -3.3  C   0.3  0.3  0.2 136
2018-10-03 02:39:16.118025977  39.7505 -113.2904   -24.5  G   0.4  0.2  0.1 130
2018-10-03 02:39:16.150583293  39.7502 -113.2918   -25.3  G   1.2  0.2  0.1 125
2018-10-03 02:39:16.150980255  39.7558 -113.2772   -12.4  C   0.0  0.4  0.2  66
2018-10-03 02:39:16.252286255  39.7498 -113.2813    -3.2  C   3.0  0.2  0.2  42
2018-10-03 02:39:16.261193266  39.7359 -113.2804   -10.4  C   0.3  0.2  0.2 161
2018-10-03 02:39:29.837843601  39.7583 -113.3107    +7.0  C   0.5  0.3  0.2   7
2018-10-03 02:39:29.848768397  39.7575 -113.3113    +5.6  C   0.8  0.3  0.2  73
2018-10-03 02:39:29.861580252  39.7576 -113.3104    +7.6  C   1.4  0.2  0.2  29
2018-10-03 02:39:29.889677538  39.7581 -113.3105    +6.0  C   0.5  0.2  0.2  30
2018-10-03 02:39:29.916544204  39.7580 -113.3101   +10.2  C   1.1  0.3  0.2   8
2018-10-03 02:39:42.343291555  39.7378 -113.2765   -14.6  G   0.8  0.2  0.1 152
2018-10-03 02:39:42.996546046  39.6831 -113.2926   -18.9  C   1.5  0.2  0.1 163
2018-10-03 02:39:43.179800252  39.6282 -113.2924   -10.5  G   0.3  0.2  0.1  80
2018-10-03 02:39:43.207637115  39.6715 -113.3176   -11.8  C   0.3  0.2  0.2  34
2018-10-03 02:39:43.450175686  39.6729 -113.3168   -24.1  G   0.6  0.2  0.1 123
2018-10-03 02:39:43.498814814  39.6714 -113.3170    -6.1  C   0.4  0.2  0.2 102
2018-10-03 02:39:43.610734950  39.6717 -113.3180   -11.1  G   0.5  0.2  0.2  28
2018-10-03 02:39:43.658784357  39.6720 -113.3171   -11.5  G   0.5  0.2  0.1  87
2018-10-03 02:39:43.724113733  39.6091 -113.2749    +8.1  C   1.6  0.6  0.2  40
2018-10-03 02:39:43.729354647  39.5985 -113.2619    +5.0  C   1.1  5.0  0.2 109
2018-10-03 02:40:00.021041846  39.7574 -113.2746    +7.3  C   1.3  0.2  0.2  41
2018-10-03 02:40:54.548417920  39.7090 -113.3124    -3.1  C   0.0  0.4  0.2  70
2018-10-03 02:40:54.548507568  39.7112 -113.3104    -7.8  C   1.3  0.2  0.2  76
2018-10-03 02:40:54.548628994  39.7107 -113.3080    -4.1  C   0.0  0.4  0.4  71
2018-10-03 02:40:54.564277209  39.7083 -113.3131    -7.3  C   0.4  0.2  0.2  32
2018-10-03 02:40:54.630953158  39.7074 -113.2855   -11.1  G   0.8  0.2  0.1  89
2018-10-03 02:40:54.710167772  39.7085 -113.2847   -11.5  C   0.6  0.2  0.1  85
2018-10-03 02:40:54.763429342  39.6983 -113.3229   -12.7  G   0.5  0.2  0.1  87
2018-10-03 02:40:54.801721846  39.6983 -113.3222   -15.0  G   1.2  0.2  0.1  80
2018-10-03 02:40:54.851238835  39.7085 -113.2842    -5.1  G   1.5  0.2  0.2 105
2018-10-03 02:40:55.034217403  39.6983 -113.3231    -6.3  G   0.4  0.2  0.2 105
2018-10-03 02:40:55.112439965  39.6981 -113.3228   -11.3  G   1.3  0.2  0.2  28
2018-10-03 02:40:55.313593154  39.6981 -113.3228    -7.0  G   0.4  0.2  0.2  30
2018-10-03 02:40:55.347032521  39.6982 -113.3229    -8.4  G   0.6  0.2  0.2  30
2018-10-03 02:40:55.398401655  39.6982 -113.3227   -11.3  G   0.4  0.2  0.2  23
2018-10-03 02:41:05.544869689  39.7677 -113.3275    +5.9  C   1.3  0.5  0.2 159
2018-10-03 02:41:52.915513222  39.7698 -113.3123    +4.3  C   1.5  0.2  0.2  42
2018-10-03 02:41:56.223443883  39.7172 -113.3046    -9.7  C   0.9  0.2  0.1  90
2018-10-03 02:41:56.223588841  39.7159 -113.3086    -8.1  C   0.2  0.4  0.4  88
2018-10-03 02:41:56.253300028  39.7128 -113.2923   -24.4  G   0.5  0.2  0.1 123
2018-10-03 02:41:56.274834510  39.7139 -113.2964   -12.5  G   1.0  0.2  0.2  14
2018-10-03 02:41:56.425762975  39.7183 -113.3125    -5.5  C   0.3  0.2  0.2  42
2018-10-03 02:41:56.488049505  39.6969 -113.2706    -6.8  G   0.9  0.2  0.2 103
2018-10-03 02:41:56.818070725  39.6181 -113.2532    +6.1  C   0.8  0.4  0.2  70
2018-10-03 02:41:57.361573126  39.7833 -113.3734    -4.1  C   0.2  0.5  0.2 158
2018-10-03 02:41:57.558303124  39.7909 -113.3763   -12.6  G   0.9  0.2  0.2  84
2018-10-03 02:42:07.228557226  39.7524 -113.3120   -17.3  G   0.6  0.2  0.1 128
2018-10-03 02:42:15.034697517  39.7724 -113.2644    +4.4  C   1.8  0.2  0.2  32
2018-10-03 02:42:15.229047891  39.7718 -113.2659    +8.3  C   1.0  0.2  0.2  30
2018-10-03 02:42:30.884427875  39.6446 -113.2102    -7.0  C   1.5  0.2  0.2  34
2018-10-03 02:42:42.523398118  39.7139 -113.2953   -24.2  G   0.9  0.2  0.1 171
2018-10-03 02:42:42.539284738  39.7134 -113.2955    -6.7  G   0.7  0.2  0.2  31
2018-10-03 02:42:42.747423558  39.7146 -113.2939   -17.9  G   1.2  0.2  0.1 126
2018-10-03 02:42:59.517528900  39.6767 -113.1902   -15.2  G   1.0  0.2  0.1  50
2018-10-03 02:42:59.593545888  39.6758 -113.1897   -32.7  G   1.1  0.2  0.1 116
2018-10-03 02:42:59.643189586  39.6760 -113.1904    -9.0  G   1.0  0.2  0.2  33
2018-10-03 02:42:59.656282842  39.6753 -113.1895    -4.8  G   0.5  0.3  0.2 134
2018-10-03 02:42:59.671712662  39.6763 -113.1899    -9.3  G   1.8  0.2  0.2  33
2018-10-03 02:42:59.687266966  39.6764 -113.1904   -10.0  G   1.0  0.2  0.2  37
2018-10-03 02:42:59.710142868  39.6762 -113.1906    -9.6  G   0.5  0.2  0.2  30
2018-10-03 02:42:59.746901491  39.6763 -113.1900   -12.4  G   0.6  0.2  0.2  82
2018-10-03 02:42:59.790090186  39.6766 -113.1900   -10.5  G   0.6  0.2  0.2  38
2018-10-03 02:42:59.889766507  39.6717 -113.2002   -16.0  G   0.2  1.2  0.2  58
2018-10-03 02:43:23.206336755  39.7577 -113.2835   -11.9  C   0.4  0.2  0.2   4
2018-10-03 02:43:23.234090551  39.7576 -113.2834    -9.9  C   1.7  0.2  0.2  21
2018-10-03 02:43:23.291104669  39.7557 -113.2732   -15.7  C   0.9  0.2  0.1   0
2018-10-03 02:43:23.423540415  39.7539 -113.2756   -14.1  C   0.8  0.2  0.1  91
2018-10-03 02:43:23.456267674  39.7538 -113.2756    -7.1  G   0.6  0.2  0.2  26
2018-10-03 02:43:23.535343058  39.7543 -113.2746   -13.5  G   0.6  0.2  0.1 146
2018-10-03 02:43:23.599325141  39.7553 -113.2743   -40.1  G   0.7  0.2  0.1 110
2018-10-03 02:43:23.626785256  39.7525 -113.2745    -5.3  G   2.3  0.3  0.2 141
2018-10-03 02:43:23.711873907  39.7545 -113.2746    -6.5  G   1.0  0.2  0.2  41
2018-10-03 02:43:23.740715756  39.7537 -113.2759    -7.6  G   1.0  0.2  0.2  29
2018-10-03 02:43:23.793766777  39.7540 -113.2750   -12.1  G   1.4  0.2  0.1  82
2018-10-03 02:43:23.860837328  39.7537 -113.2753   -14.7  G   1.5  0.2  0.1  89
2018-10-03 02:43:24.906729684  39.7174 -113.2839   -11.5  G   0.4  0.2  0.2   3
2018-10-03 02:43:24.946046724  39.7158 -113.2841    -7.8  G   1.2  0.2  0.2  30
2018-10-03 02:43:24.974471143  39.7163 -113.2841   -14.5  G   1.1  0.2  0.1 164
2018-10-03 02:43:25.030928094  39.7169 -113.2835   -25.4  G   0.7  0.2  0.1 150
2018-10-03 02:43:25.071272243  39.7158 -113.2831   -14.2  G   0.8  0.2  0.1 151
2018-10-03 02:43:25.101632114  39.7156 -113.2835    -9.1  G   1.5  0.2  0.2  32
2018-10-03 02:43:25.243491028  39.7153 -113.2863   -12.0  G   0.9  0.5  0.2  86
2018-10-03 02:43:25.289693585  39.7157 -113.2845    -6.9  G   0.4  0.2  0.2  32
2018-10-03 02:43:25.451234583  39.7157 -113.2841   -10.0  G   1.2  0.2  0.2  27
2018-10-03 02:43:47.654711822  39.7775 -113.2577    +6.9  C   1.1  0.5  0.2  40
2018-10-03 02:43:47.997839403  39.7272 -113.2509    -3.1  C   1.5  0.4  0.2  11
2018-10-03 02:43:56.307097734  39.7194 -113.2558    -5.7  C  10.2  4.6  0.2 111
2018-10-03 02:43:56.332126764  39.6970 -113.1984    -6.1  C   0.2  0.9  0.2  41
2018-10-03 02:43:56.332143944  39.7002 -113.1939    -8.0  C   0.3  0.9  0.2  41
2018-10-03 02:44:06.284989031  39.7827 -113.3610    -4.8  C   0.0  0.4  0.2  10
2018-10-03 02:44:06.410102609  39.7657 -113.3470    -9.7  G   0.5  0.2  0.2  22
2018-10-03 02:44:06.457415633  39.7679 -113.3480   -14.4  G   0.4  0.2  0.1  26
2018-10-03 02:44:06.543821676  39.7829 -113.3517   -13.7  G   0.4  0.2  0.1  88
2018-10-03 02:44:06.602816683  39.7828 -113.3519    -8.0  G   0.6  0.2  0.2  28
2018-10-03 02:44:06.664357231  39.7838 -113.3508   -22.2  G   0.8  0.2  0.1 126
2018-10-03 02:44:21.593448525  39.7127 -113.2897    +6.6  C   1.0  0.3  0.2  62
2018-10-03 02:44:21.596519695  39.7118 -113.2982    +6.7  C   0.3  0.5  0.2 157
2018-10-03 02:44:21.598392426  39.7035 -113.3030    +7.9  C   1.2  0.3  0.2   5
2018-10-03 02:44:52.105391976  39.7192 -113.2164    -4.3  C   0.7  0.2  0.2 105
2018-10-03 02:44:52.214980461  39.7069 -113.1725   -10.5  G   0.7  0.2  0.2  38
2018-10-03 02:44:52.268684632  39.7198 -113.2168    -5.2  C   1.1  0.3  0.2   7
2018-10-03 02:44:52.291495309  39.7342 -113.1907    -6.2  C   0.5  0.2  0.2  32
2018-10-03 02:44:52.609813022  39.7317 -113.2150    +5.0  C   0.3  0.2  0.2  75
2018-10-03 02:44:53.005431193  39.6395 -113.1841   -12.6  G   0.3  0.2  0.1 153
2018-10-03 02:44:53.129904811  39.6403 -113.1835   -23.5  G   1.1  0.2  0.1 146
2018-10-03 02:44:53.208591711  39.6410 -113.1844    -9.4  G   0.4  0.3  0.2   8
2018-10-03 02:44:54.649924925  39.7877 -113.3441    +3.3  C   0.0  0.4  0.4  70
2018-10-03 02:44:54.650047936  39.7882 -113.3429    +6.9  C   0.5  0.4  0.2  71
2018-10-03 02:45:45.154456425  39.7216 -113.2870    +4.5  C   2.9  0.2  0.2 164
2018-10-03 02:45:45.155102224  39.7202 -113.2848    +3.7  C   0.2  0.4  0.2  71
2018-10-03 02:45:45.155244436  39.7204 -113.2864    +8.3  C   0.8  0.2  0.2 173
2018-10-03 02:45:45.156296821  39.7198 -113.2881    +9.6  C   1.0  0.3  0.2   5
2018-10-03 02:45:45.157697867  39.6874 -113.3223    +5.7  C   1.6  0.4  0.2  11
2018-10-03 02:46:21.380573850  39.7696 -113.2641   +20.6  G   0.2  0.2  0.1 148
2018-10-03 02:46:21.446478258  39.7772 -113.2751   -11.1  C   1.1  0.2  0.2  19
2018-10-03 02:46:58.058217895  39.7926 -113.2917    +4.9  C   1.5  0.2  0.2 109
2018-10-03 02:46:58.295513053  39.7563 -113.4003    +4.9  C   0.2  0.4  0.2  71
2018-10-03 02:46:59.279896688  39.6830 -113.1484    -5.5  G   2.7  4.4  0.2 110
2018-10-03 02:46:59.280791028  39.7564 -113.1859    +6.4  C   1.6  0.2  0.2  41
2018-10-03 02:46:59.422960527  39.6931 -113.1766   -16.9  G   2.0  0.2  0.1  77
2018-10-03 02:46:59.795050883  39.6995 -113.1748    -5.7  G   2.1  0.3  0.2   8
2018-10-03 02:47:41.389896809  39.7283 -113.1964    +5.4  C   1.3  0.5  0.2 157
2018-10-03 02:47:41.413385852  39.7508 -113.2486    -9.1  G   0.6  0.2  0.2  30
2018-10-03 02:48:48.537835720  39.7904 -113.2979    +8.7  C   0.4  0.2  0.2  29
2018-10-03 02:48:48.538390141  39.7981 -113.2916    +8.7  C   3.1  0.2  0.2  25
2018-10-03 02:48:49.388116167  39.6842 -113.2598    +9.3  C   0.4  0.5  0.2 114
2018-10-03 02:48:55.553771696  39.7154 -113.1760    -8.6  C   0.4  0.2  0.2  32
2018-10-03 02:48:55.602522266  39.7153 -113.1765    -6.4  G   1.6  0.2  0.2  33
2018-10-03 02:48:55.760580192  39.7149 -113.1769    -6.3  G   1.1  0.2  0.2  31
2018-10-03 02:50:26.577921477  39.7564 -113.2034   -49.5  G   5.5  0.2  0.1  86
2018-10-03 02:50:26.586435015  39.7605 -113.2171    -9.6  C   0.9  0.2  0.1 131
2018-10-03 02:50:26.607295181  39.7587 -113.2390    -9.7  G   0.2  0.2  0.2  24
2018-10-03 02:50:27.001419635  39.6925 -113.2034   -30.9  G   1.0  0.2  0.1 126
2018-10-03 02:50:27.065014338  39.6952 -113.2109    -9.1  G   2.0  0.4  0.2  11
2018-10-03 02:50:27.319435576  39.6965 -113.2102    -5.8  G   2.0  0.2  0.2 107
2018-10-03 02:50:27.364033943  39.6966 -113.2110   -10.5  G   1.3  0.2  0.2  30
2018-10-03 02:50:27.404008045  39.6988 -113.2104   -17.5  G   0.9  0.2  0.1 150
2018-10-03 02:51:06.326097446  39.7372 -113.1580    +4.1  C   0.3  0.2  0.2  41
2018-10-03 02:52:03.603745983  39.7763 -113.1232    +6.4  C   0.6  0.4  0.2  73
2018-10-03 02:52:03.604036923  39.7711 -113.2120   +13.2  C   0.9  0.2  0.1 121
2018-10-03 02:52:03.604474733  39.7789 -113.1246   +11.1  C   1.1  0.4  0.2  72
2018-10-03 02:52:03.604503467  39.7674 -113.2123   -16.9  G   2.5  0.2  0.1 126
2018-10-03 02:52:03.606106274  39.7761 -113.2077   +11.8  C   1.1  0.4  0.2 156
2018-10-03 02:52:03.623688718  39.7648 -113.2255    +9.6  C   0.7  0.5  0.2  44
2018-10-03 02:52:45.106154769  39.6746 -113.1439    -5.5  C   1.5  0.4  0.4  41
2018-10-03 02:52:45.106292475  39.7020 -113.1032   -12.6  C   0.1  1.0  0.2  45
2018-10-03 02:52:45.106458185  39.6914 -113.1270   -26.7  C   2.4  0.8  0.2  39
2018-10-03 02:52:45.106524744  39.6894 -113.1235   -25.2  C   1.6  0.9  0.2  40
2018-10-03 02:52:45.106588191  39.6675 -113.1408    -5.8  C   0.1  0.4  0.4  11
2018-10-03 02:52:45.106680879  39.7169 -113.0776   -20.1  C   0.9  1.0  0.2  46
2018-10-03 02:53:12.253200074  39.7744 -113.1635    +5.8  C   0.7  0.3  0.2  17
2018-10-03 02:53:12.581953246  39.7307 -113.2113   -24.5  G   3.3  0.2  0.1  59
2018-10-03 02:53:38.224053813  39.7453 -113.1327    -5.7  C   2.6  0.5  0.2 112
2018-10-03 02:53:38.527956878  39.7421 -113.1659    -3.4  G   0.0 11.0  0.4  77
2018-10-03 02:53:38.590097027  39.7063 -113.1145    -5.0  C   0.8  0.2  0.2  40
2018-10-03 02:53:38.606339823  39.7363 -113.1325   -35.2  G   0.8  0.2  0.1 144
2018-10-03 02:53:38.670296786  39.7368 -113.1324    -9.6  G   1.2  0.2  0.2  28
2018-10-03 02:53:38.807425661  39.7371 -113.1323    -6.7  G   1.2  0.2  0.2  35
2018-10-03 02:53:55.008796125  39.2376 -113.5476    -5.5  C   0.1  0.4  0.4 104
2018-10-03 02:53:55.645000035  39.2003 -113.5315    -8.5  G   1.2  0.2  0.2  41
2018-10-03 02:54:29.939742867  39.7708 -113.1724    +7.2  C   1.7  0.4  0.2  72
2018-10-03 02:54:49.087682293  39.6589 -113.1058    -4.8  C   2.3  0.4  0.4 105
2018-10-03 02:55:54.690607846  39.7161 -113.1042    -4.5  C   0.3  0.2  0.2  32
2018-10-03 02:55:54.862615092  39.6896 -113.1046   -15.0  G   0.3  0.2  0.1   9
2018-10-03 02:55:54.997427248  39.6909 -113.1044   -31.1  G   1.1  0.2  0.1 166
2018-10-03 02:55:55.039575695  39.6883 -113.1037    -9.9  G   2.2  0.2  0.2 157
2018-10-03 02:55:55.256481296  39.6879 -113.1031    -5.1  G   1.0  0.3  0.2 133
2018-10-03 02:55:55.364914010  39.6893 -113.1036    -7.4  G   0.8  0.2  0.2  36
2018-10-03 02:55:55.497722993  39.6658 -113.1880    +7.6  C   0.4  0.4  0.4 134
2018-10-03 02:55:55.497863504  39.6914 -113.2024    +6.1  C   0.1  0.5  0.2 157
2018-10-03 02:55:55.497978086  39.6954 -113.2044   +12.3  C   0.4  0.4  0.4 166
2018-10-03 02:55:55.498029027  39.6943 -113.2022    +8.1  C   0.2  0.5  0.2 157
2018-10-03 02:55:55.498208529  39.6812 -113.2429   +13.6  C   0.8  1.1  0.3 128
2018-10-03 02:56:05.558677097  39.2442 -113.5634   -21.4  G   2.5  0.4  0.1  12
2018-10-03 02:56:05.558682393  39.2584 -113.5394   -18.6  C   0.6  0.9  0.2  45
2018-10-03 02:56:05.558773426  39.2384 -113.5602    -9.7  C   2.5  0.4  0.4  43
2018-10-03 02:56:05.558821412  39.2437 -113.5779    -5.0  C   0.1  0.6  0.2 105
2018-10-03 02:56:05.558855776  39.2360 -113.5632   -10.0  C   1.2  0.4  0.4  42
2018-10-03 02:56:05.558910705  39.2055 -113.5312   -10.0  C   0.2  1.1  0.2 145
2018-10-03 02:56:05.736234885  39.2566 -113.5768   -10.7  G   0.6  0.2  0.2  42
2018-10-03 02:56:47.381301122  39.7614 -113.1220    -9.3  C   0.6  0.2  0.1 153
2018-10-03 02:56:47.398999839  39.7691 -113.1157    -9.7  C   1.0  0.2  0.2  30
2018-10-03 02:56:47.501877527  39.7552 -113.1304   -12.3  G   0.4  0.2  0.2   3
2018-10-03 02:56:47.766719912  39.7565 -113.1379   -25.5  G   0.7  0.2  0.1 123
2018-10-03 02:57:53.070265234  39.2704 -113.5360    -8.3  C   0.4  0.4  0.4  69
2018-10-03 02:57:53.070460218  39.1091 -113.5723   -25.8  C   0.3  4.8  0.6   5
2018-10-03 02:57:53.070635985  39.2449 -113.5000   -37.5  C   2.2  0.2  0.2   4
2018-10-03 02:57:53.070796000  39.2463 -113.5218   -21.5  C   0.7  0.5  0.2 111
2018-10-03 02:57:53.070906089  39.3426 -113.4206   -12.2  C   0.1  3.9  0.3  47
2018-10-03 02:58:29.563638733  39.7263 -113.0770    -7.1  C   0.2  0.3  0.2  91
2018-10-03 02:58:29.756427524  39.7279 -113.0782    -5.4  C   0.5  0.2  0.2 159
2018-10-03 02:58:29.838750693  39.7461 -113.0883   -15.7  G   0.2  0.2  0.1   8
2018-10-03 02:58:30.018039718  39.7455 -113.0884   -13.2  G   0.4  0.2  0.2  24
2018-10-03 02:59:19.417735286  39.7698 -113.0890    +6.1  C   2.9  0.5  0.2 113
2018-10-03 02:59:48.668246775  39.1406 -113.5184   -10.7  C   0.2  3.0  0.4  11
2018-10-03 02:59:48.668451461  39.2575 -113.4922   -12.1  C   0.6  0.2  0.1 104
2018-10-03 02:59:48.668522884  39.2655 -113.4548    -6.8  C   0.0  0.4  0.2  67
2018-10-03 02:59:48.768990426  39.2607 -113.5583    -7.1  C   0.2  0.2  0.2   0
2018-10-03 02:59:57.058361253  39.7000 -113.0466    -5.3  C   0.2  0.4  0.2  72
2018-10-03 02:59:57.083766331  39.7272 -113.0692   +28.0  G   1.5  0.2  0.1 133
2018-10-03 03:01:22.022643148  39.7874 -113.0882    +4.3  C   0.7  0.2  0.2  31
2018-10-03 03:01:22.393626024  39.7654 -113.0423    -8.2  G   2.4  0.5  0.2 155
2018-10-03 03:02:00.367751144  39.7818 -113.0770    -4.5  C   0.2  0.4  0.2  71
2018-10-03 03:02:00.367895049  39.7821 -113.0769    -3.0  C   0.1  0.4  0.2  73
2018-10-03 03:02:00.367934839  39.7818 -113.0777    -3.3  C   0.1  0.4  0.2  72
2018-10-03 03:02:00.368020599  39.7834 -113.0731    -4.5  C   0.2  0.4  0.2  73
2018-10-03 03:02:00.368176166  39.7851 -113.0801    -8.0  C   2.4  0.2  0.2  16
2018-10-03 03:02:00.368259666  39.7809 -113.0796    -3.0  C   0.1  0.4  0.2  71
2018-10-03 03:02:10.829048481  39.2511 -113.4377   -13.1  C   0.3  0.4  0.4  87
2018-10-03 03:02:10.829147220  39.2553 -113.4146    -8.3  C   0.2  0.4  0.4  68
2018-10-03 03:02:10.829205227  39.2553 -113.4295   -10.9  C   5.4  0.4  0.4 144
2018-10-03 03:02:11.499559673  39.2464 -113.4213   -11.7  G   1.1  0.2  0.2  43
2018-10-03 03:02:11.662163736  39.2460 -113.4215    -4.7  G   1.4  0.2  0.2 110
2018-10-03 03:02:11.861123265  39.2465 -113.4212    -7.9  G   0.7  0.2  0.2  45
2018-10-03 03:02:52.297505492  39.7904 -113.0461    -4.0  C   0.6  0.2  0.2  32
2018-10-03 03:03:00.947203368  39.7882 -113.0423    +6.9  C   0.8  0.2  0.2  40
2018-10-03 03:03:12.927549297  39.7329 -112.9777    -4.4  C   3.8  0.2  0.2  36
2018-10-03 03:03:12.946079534  39.7229 -112.9773    -6.1  C   0.5  0.2  0.2  38
2018-10-03 03:03:12.954480466  39.7290 -112.9831    -5.0  C   0.5  0.5  0.2 111
2018-10-03 03:03:22.579997461  39.6848 -112.9962    -6.0  C   2.7  0.3  0.2 127
2018-10-03 03:03:25.266663546  39.7335 -112.9832    -5.3  C   3.3  0.5  0.2  73
2018-10-03 03:04:20.755910264  39.7725 -113.0156    -6.5  C   0.8  0.2  0.2 157
2018-10-03 03:04:20.757079250  39.7766 -113.0157    -6.4  C   2.0  0.2  0.2  29
2018-10-03 03:04:51.622320925  39.7896 -113.0285    -4.0  C   0.1  0.4  0.2   9
2018-10-03 03:04:51.622403731  39.7892 -113.0298    -5.8  C   1.4  0.4  0.2  10
2018-10-03 03:05:01.719963348  39.1971 -113.4213    -4.4  C   2.2  0.2  0.2 106
2018-10-03 03:05:01.983917549  39.1749 -113.3923    -8.9  G   0.3  0.2  0.2  47
2018-10-03 03:05:19.316413735  39.7984 -113.0777    +4.5  C   9.2  0.3  0.2   5
2018-10-03 03:05:20.822423085  39.7641 -113.0248    +5.2  C   0.1  0.5  0.2  72
2018-10-03 03:05:29.226234217  39.6912 -112.9772    -6.0  C   0.8  0.3  0.2  60
2018-10-03 03:05:32.238870444  39.7842 -112.9954    -6.3  C   0.5  0.4  0.2  72
2018-10-03 03:06:25.260395875  39.7607 -113.1705    -5.2  G   0.7  9.5  0.2  75
2018-10-03 03:08:01.132248893  39.7323 -112.9336    -5.4  C   0.1  0.3  0.2   8
2018-10-03 03:08:16.521507544  39.7991 -112.9600    +5.2  C   0.2  0.8  0.2  41
2018-10-03 03:08:16.528328265  39.7958 -112.9823    +3.8  C   0.7  0.2  0.2 157
2018-10-03 03:08:40.341300158  39.2950 -113.4312    +6.3  C  14.8  0.2  0.2 174
2018-10-03 03:08:40.342895206  39.2924 -113.4206    +4.7  C   0.9  0.2  0.2 174
2018-10-03 03:10:01.393043665  39.7889 -112.9797    +6.9  C   0.4  0.2  0.2  35
2018-10-03 03:10:04.709194072  39.7542 -112.9122    -7.3  G   1.1  0.2  0.2  40
2018-10-03 03:12:24.407151804  39.7927 -112.9264    -7.5  C   2.4  0.2  0.2  41
2018-10-03 03:12:29.011962989  39.6891 -112.8796    -8.1  C   0.3  0.2  0.2  39
2018-10-03 03:13:18.995048984  39.6923 -112.8788    -7.2  C   3.3  0.2  0.2  39
2018-10-03 03:13:19.262538313  39.6998 -112.8634    +5.6  C   1.2  0.4  0.2  10
2018-10-03 03:13:19.518886658  39.7095 -112.9086   +18.4  G   0.9  0.2  0.1  36
2018-10-03 03:14:07.953421293  39.0757 -113.3246    -6.0  C   0.0  0.4  0.4  19
2018-10-03 03:14:12.903706033  39.6769 -112.8329    -4.8  C   0.2  0.5  0.2  73
2018-10-03 03:14:12.904019967  39.6788 -112.8325    -5.4  C   0.2  0.5  0.2  74
2018-10-03 03:14:28.193432237  39.7483 -112.8567    -4.5  C   1.0  0.5  0.2  74
2018-10-03 03:15:03.230970422  39.7974 -112.8878    +4.2  C   1.4  0.2  0.2  76
2018-10-03 03:15:26.830599219  39.7912 -112.8354    +7.5  C   3.4  2.4  0.2 112
2018-10-03 03:15:28.822828307  39.7905 -112.8883    -6.9  C   0.2  0.2  0.2 154
2018-10-03 03:16:32.075507714  39.7385 -112.8213    -9.7  G   1.7  0.2  0.2  53
2018-10-03 03:16:51.081699921  39.7774 -112.8208    +3.6  C   0.4  0.4  0.2 111
2018-10-03 03:16:56.582688815  39.7967 -112.8521    +5.1  C   2.7  0.3  0.2 128
2018-10-03 03:16:56.670221591  39.7447 -112.8745    -4.2  C   0.3  0.3  0.2  95
2018-10-03 03:17:21.503199726  39.7658 -112.8121    +5.7  C   0.4  0.3  0.2  95
2018-10-03 03:17:21.719178767  39.7436 -112.8173    +6.7  C  14.5  0.2  0.2  39
2018-10-03 03:17:21.743589010  39.7659 -112.8116    +4.2  C   0.6  0.2  0.2  76
2018-10-03 03:17:21.753303943  39.7541 -112.7713    +3.6  C   0.4  4.4  0.2 111
2018-10-03 03:17:23.060366474  39.7025 -112.8018    -7.7  C   1.1  0.2  0.2  50
2018-10-03 03:17:36.964147910  39.7018 -112.9228    -5.6  G   0.5 11.7  0.2   9
2018-10-03 03:17:42.652132791  39.7603 -112.8083    -4.9  C   0.4  0.3  0.2 176
2018-10-03 03:18:00.925541724  39.7849 -112.8210    +5.5  C   2.1  0.3  0.2  11
2018-10-03 03:18:25.890346726  39.7280 -112.8156    -7.0  G   1.1  0.4  0.2  10
2018-10-03 03:18:25.904458157  39.7191 -112.7999    +3.0  C   0.1  0.3  0.2 124
2018-10-03 03:19:12.470927589  39.7023 -112.7618    -3.9  C   1.0  0.3  0.2  57
2018-10-03 03:19:12.478079066  39.7238 -112.8015    -5.8  G   1.1  0.5  0.2  41
2018-10-03 03:19:25.747806876  39.7785 -112.9648   +23.1  G   0.7  0.2  0.1   5
2018-10-03 03:19:48.592939947  39.6962 -112.8076    -5.4  G   0.1  6.1  0.4   1
2018-10-03 03:20:57.575566921  39.7414 -112.8293    +6.8  C   1.4  0.4  0.2   9
2018-10-03 03:21:29.356338799  39.7047 -112.7688   -16.7  C   1.2  0.2  0.1  12
2018-10-03 03:21:32.611773570  39.7558 -112.8083    +5.2  C   3.0  3.2  0.2 111
2018-10-03 03:21:43.262480791  39.7401 -112.7793    -4.6  C   0.5  0.2  0.2  48
2018-10-03 03:21:43.437621173  39.7113 -112.8076    -4.3  C   2.2  3.7  0.2 109
2018-10-03 03:22:03.450440118  39.7476 -112.7754    -6.0  C   1.3  0.2  0.2  43
2018-10-03 03:22:59.319136511  39.7472 -112.7636    -5.3  C   1.1  0.4  0.2 110
2018-10-03 03:23:11.034964427  39.7508 -112.7574    -5.6  G   0.3  0.2  0.2 107
2018-10-03 03:23:17.930407581  38.9654 -113.5680    -3.9  C   0.3  0.6  0.2 101
2018-10-03 03:23:17.930675569  38.9604 -113.5499   -10.5  C   2.9  0.4  0.4  75
2018-10-03 03:23:17.930809205  38.9574 -113.5562    -9.2  C   5.5  0.4  0.4  43
2018-10-03 03:23:17.931111361  38.9679 -113.5681    -7.5  C   0.8  0.6  0.2 100
2018-10-03 03:25:17.658025489  39.7629 -112.7406    -4.2  C   0.1  0.4  0.4  57
2018-10-03 03:25:17.658252623  39.7626 -112.7403    -9.7  C   2.0  0.2  0.2 108
2018-10-03 03:25:17.658621249  39.7598 -112.7429    -4.3  C   0.1  0.4  0.4  57
2018-10-03 03:25:17.820989966  39.7529 -112.7454    -4.7  C   0.7  0.3  0.2  10
2018-10-03 03:25:57.994864180  39.7425 -112.7484    -5.6  G   1.0  0.4  0.2 110
2018-10-03 03:25:58.002380033  39.7320 -112.7358    -5.5  C   0.7  0.2  0.2  40
2018-10-03 03:26:18.007235711  39.7684 -112.7358    -6.1  C   0.3  0.2  0.2  68
2018-10-03 03:28:18.243635279  39.7889 -112.8251    -7.0  C   0.2  2.6  0.2 112
2018-10-03 03:28:18.417524475  39.7907 -112.6905    +6.2  C   0.7  0.4  0.2 109
2018-10-03 03:29:15.086736220  39.7383 -112.7816    -5.9  C   0.7  0.5  0.2  74
2018-10-03 03:29:34.557200767  38.9824 -113.5692   +10.4  C   0.8  0.3  0.1 135
2018-10-03 03:30:45.187075249  39.7596 -112.6871    -3.9  C   0.6  0.4  0.2 109
2018-10-03 03:31:06.231387333  39.7821 -112.6933    +4.0  C   2.3  0.4  0.2 109
2018-10-03 03:31:15.703187180  39.7314 -112.6919    -5.1  C   2.2  0.2  0.2 149
2018-10-03 03:31:18.183451528  39.7476 -112.6903    +6.5  G   2.3 10.9  0.2  39
2018-10-03 03:32:29.799577164  39.0971 -113.2949    -6.1  C   0.1  0.4  0.4  54
2018-10-03 03:32:29.799687736  38.9241 -113.5469    -9.3  C   1.3  0.2  0.1 101
2018-10-03 03:32:29.876373110  38.9254 -113.5079   -11.7  G   0.7  0.2  0.1  16
2018-10-03 03:32:53.946250061  39.7393 -112.6835    -3.6  C   1.1  0.6  0.2 150
2018-10-03 03:33:24.072607601  39.7706 -112.6475   -14.2  C   1.2  0.2  0.1  90
2018-10-03 03:33:50.938109484  39.7455 -112.6347    -6.9  C   2.1  0.2  0.2  52
2018-10-03 03:34:08.821325008  39.7523 -112.6317    -5.7  C   1.9  0.2  0.2  51
2018-10-03 03:34:47.188988912  38.8376 -113.5739    -9.4  G   1.9  0.2  0.2  73
2018-10-03 03:34:47.190315910  38.8895 -113.5375   -10.3  C   1.0  0.2  0.1  21
2018-10-03 03:34:47.552143076  38.8891 -113.5371    -9.3  G   0.4  0.4  0.2  12
2018-10-03 03:34:48.529499564  39.7604 -112.6219    -3.8  G   0.7  0.4  0.2 107
2018-10-03 03:35:19.881092293  39.7596 -112.6030    -6.0  C   3.3  0.3  0.2 122
2018-10-03 03:35:33.901243126  39.7620 -112.6234    -5.1  C   0.7  0.2  0.2  55
2018-10-03 03:35:33.966965870  39.7632 -112.6013    +4.4  C   3.5  0.4  0.2 108
2018-10-03 03:35:45.127233783  39.7813 -112.6198    -4.7  C   0.2  0.3  0.2 121
2018-10-03 03:36:12.299170470  39.7800 -112.5793   +15.0  G   4.9  0.3  0.1  49
2018-10-03 03:36:39.758557257  39.7821 -112.6230    -7.3  C   1.1  0.2  0.2  52
2018-10-03 03:37:11.672375163  39.7854 -112.6192    -9.7  C   0.7  0.2  0.1  37
2018-10-03 03:37:11.672896601  39.7863 -112.6140    +4.5  C   0.0  0.5  0.2   6
2018-10-03 03:37:11.673074258  39.7874 -112.6176    -4.9  C   0.1  0.4  0.4  20
2018-10-03 03:37:59.890823114  39.7913 -112.5901    -4.3  C   0.0  0.5  0.2  43
2018-10-03 03:37:59.890978240  39.7859 -112.5910   -13.2  C   0.8  0.2  0.1  10
2018-10-03 03:37:59.890988740  39.7883 -112.5910   -17.1  C   0.2  0.5  0.2  42
2018-10-03 03:38:00.228011241  39.7574 -112.6039    -5.3  C   0.8  0.2  0.2  57
2018-10-03 03:38:57.411314827  39.7998 -112.5537    -6.5  C   2.3  0.3  0.2  38
2018-10-03 03:39:40.720726739  39.7950 -112.5732    -4.8  C   1.4  0.2  0.2  54
2018-10-03 03:40:30.651178573  39.7897 -112.6264    -6.8  C   0.5  0.5  0.3 132
2018-10-03 03:40:30.651382778  39.7962 -112.6024   -11.0  C   0.3  0.5  0.2   6
2018-10-03 03:40:30.683544318  39.7952 -112.6048    -6.4  C   0.4  0.2  0.2  51
2018-10-03 03:41:17.304938473  39.7992 -112.5554    -4.9  C   0.8  0.4  0.2 107
2018-10-03 03:41:47.072042719  39.7822 -112.5330    -6.1  G   0.2 13.0  0.3 153
2018-10-03 03:45:29.505636996  39.4412 -113.0126   -19.3  C   0.3  0.4  0.2  76
2018-10-03 03:45:29.752807411  39.4399 -113.0241    +5.3  C   2.0  0.4  0.2  93
2018-10-03 03:45:29.770626623  39.4562 -113.0049    +6.2  C   1.6  0.2  0.2 159
2018-10-03 03:46:37.971638717  39.4477 -113.0076    -5.5  C   1.1  0.2  0.2 159
2018-10-03 03:46:38.051212370  39.4342 -113.0043    -8.3  G   0.6  0.2  0.2  49
2018-10-03 03:46:38.188850217  39.4337 -113.0028    -5.0  G   0.3  0.3  0.2 120
2018-10-03 03:46:38.231721601  39.4337 -113.0031    -4.8  G   0.4  0.3  0.2 118
2018-10-03 03:47:22.495568203  39.4456 -112.9982    -4.5  C   0.9  0.3  0.2   0
2018-10-03 03:47:50.438969575  39.4419 -112.9977   -10.6  G   0.8  0.2  0.2  55
2018-10-03 03:48:05.510966488  39.3177 -112.9874    -8.4  C   1.3  0.4  0.4 161
2018-10-03 03:48:05.510992892  39.3175 -112.9876    -7.6  C   0.8  0.4  0.4  52
2018-10-03 03:48:05.511103706  39.3163 -112.9904   +10.9  C   0.4  0.4  0.4  94
2018-10-03 03:48:05.511249527  39.3240 -112.9874    -8.6  C   0.3  0.7  0.2 155
2018-10-03 03:48:27.763347378  39.4460 -112.9921    -4.4  C   1.8  0.2  0.2  40
2018-10-03 03:48:27.834791981  39.4407 -112.9998   -10.5  G   0.2  0.2  0.2  59
2018-10-03 03:48:32.806732124  39.7825 -112.4478    -6.3  C   1.0  0.2  0.2  58
2018-10-03 03:49:28.467248303  39.4513 -112.9907   -10.3  C   0.6  0.2  0.2  51
2018-10-03 03:49:28.515018629  39.4617 -113.0046   -11.2  G   0.6  0.2  0.2  44
2018-10-03 03:49:28.560893840  39.4606 -113.0034    -5.8  G   0.6  0.2  0.2 158
2018-10-03 03:49:28.596384277  39.4594 -113.0045    -6.8  G   2.4  0.4  0.2  12
2018-10-03 03:49:28.635204629  39.4612 -113.0040    -8.5  G   3.2  0.2  0.2  52
2018-10-03 03:49:28.676043922  39.4610 -113.0049    -8.9  G   0.7  0.2  0.2  44
2018-10-03 03:49:28.720713360  39.4613 -113.0061    -5.3  G   1.6  4.6  0.2 108
2018-10-03 03:49:28.772916104  39.4616 -113.0038    -5.4  G   0.6  0.3  0.2 178
2018-10-03 03:49:40.793279582  39.7968 -112.4036    -4.3  C   0.1  3.5  0.3  67
2018-10-03 03:50:15.289201447  39.7878 -112.4109    -5.2  C   0.6  0.3  0.2  54
2018-10-03 03:50:15.458556579  39.7847 -112.4244    -5.3  C   4.6  0.3  0.2 104
2018-10-03 03:50:29.075823149  39.7986 -112.4195    -7.9  C   0.7  0.3  0.2  54
2018-10-03 03:50:29.076009295  39.7921 -112.4201    -5.3  C   0.0  0.4  0.4  54
2018-10-03 03:50:44.152473206  38.8274 -113.4921    -7.8  C   1.5  0.2  0.2 163
2018-10-03 03:50:44.153026109  38.8489 -113.4412    -9.2  C   0.1  0.4  0.4  79
2018-10-03 03:50:44.351964016  38.8225 -113.4632    -4.1  C   0.1  4.6  0.2  98
2018-10-03 03:50:44.358230371  38.8275 -113.4960    -6.3  G   0.4  0.4  0.2   4
2018-10-03 03:50:49.422322936  39.7967 -112.4162    -7.8  C   0.6  0.2  0.2  76
2018-10-03 03:52:05.030383959  39.7369 -112.4509    +8.2  C   0.7  0.3  0.2  38
2018-10-03 03:55:30.779517642  39.7239 -112.4576   -11.3  C   1.5  0.2  0.1  82
2018-10-03 03:55:30.782562910  39.7563 -112.4847   -10.5  C   0.0  3.8  0.4 175
2018-10-03 03:59:02.844865307  39.7547 -112.3972    -7.3  G   0.6  0.2  0.2  62
2018-10-03 04:01:57.026058503  39.3147 -112.8604   -18.8  C   5.2  0.2  0.1 127
2018-10-03 04:01:57.338757645  39.3284 -112.8221    -9.3  C   0.6  0.2  0.2  58
2018-10-03 04:04:23.713801688  39.6668 -112.2645    -5.4  C   1.4  0.9  0.2 141
2018-10-03 04:08:11.526819172  39.1809 -112.8178    -3.3  C   0.1  0.4  0.4 109
2018-10-03 04:08:11.526950490  39.1798 -112.8182    -4.6  C   0.1  0.4  0.4 108
2018-10-03 04:08:11.527314536  39.1760 -112.8009   -12.0  C   2.5  0.2  0.1 145
2018-10-03 04:08:11.527446667  39.1801 -112.8258    -3.1  C   0.1  0.4  0.4 108
2018-10-03 04:08:11.811437601  39.1918 -112.8157    +3.8  C   0.5  0.2  0.2 150
2018-10-03 04:10:03.068350710  39.1867 -112.7636    +8.9  C   0.4  0.2  0.2  72
2018-10-03 04:10:03.070015899  39.1805 -112.7665    +4.9  C   0.1  0.3  0.2   9
2018-10-03 04:10:03.070915639  39.1794 -112.7643    +5.8  C   1.8  0.2  0.2 149
2018-10-03 04:10:03.203318271  39.1535 -112.7531   -19.3  G   0.4  0.2  0.1 108
2018-10-03 04:10:38.757065511  39.1755 -112.7222    +4.6  C   0.4  4.7  0.2 106
2018-10-03 04:12:49.667374545  39.1954 -112.7290    +7.4  C   0.5  0.2  0.2  72
2018-10-03 04:12:49.816519651  39.1383 -112.7370   -27.3  G   0.3  0.2  0.1  75
2018-10-03 04:14:18.674996971  39.7639 -112.3324    -3.0  C   0.1  0.4  0.4 114
2018-10-03 04:37:41.785978204  39.6066 -112.4247    -5.9  C   0.4  0.5  0.2 135
2018-10-03 05:16:03.937094900  39.1183 -112.3214    -3.9  C   0.1  0.4  0.4  83
2018-10-03 05:16:03.937492147  39.1186 -112.3228    -7.5  C   0.2  0.4  0.4  86
2018-10-03 14:03:51.016426191  38.8299 -112.3650    -3.0  C   0.0  0.4  0.4 118
2018-10-03 14:03:51.016612872  38.8311 -112.3647    -3.0  C   0.0  0.4  0.4 117
2018-10-03 14:03:51.016732536  38.8299 -112.3752   -12.2  C   3.7  0.4  0.4  89
2018-10-03 14:03:51.016751347  38.8302 -112.3627    -3.6  C   0.0  0.4  0.4 117
2018-10-03 14:03:51.016859677  38.8309 -112.3757   -10.9  C   4.9  0.4  0.4  98
2018-10-03 14:03:51.016923592  38.8535 -112.3669   -13.4  C   0.2  0.4  0.2   2
2018-10-03 14:03:51.017060504  38.8082 -112.3877   -22.8  C   0.9  1.8  0.2  45
2018-10-03 14:03:51.017109090  38.8231 -112.3427    -8.9  C   0.2  0.4  0.4 109
2018-10-03 14:03:51.017267692  38.8279 -112.3328    -8.5  C   0.2  0.7  0.2  86
2018-10-03 14:05:16.293228597  38.8274 -112.3405   -22.1  G   0.7  0.2  0.1  51
2018-10-03 14:05:16.330353017  38.8270 -112.3389   -10.4  G   0.8  0.2  0.1 125
2018-10-03 14:05:16.380916000  38.8272 -112.3405   -17.0  G   0.6  0.2  0.1  78
2018-10-03 14:05:16.410597694  38.8265 -112.3388    -7.7  G   1.1  0.2  0.2 152
2018-10-03 14:05:16.609909995  38.8266 -112.3396    -8.5  G   0.5  0.2  0.2 111
2018-10-03 14:06:25.361089979  38.8058 -112.3887    -5.8  C   0.1  0.4  0.4 119
2018-10-03 14:06:25.361256486  38.8262 -112.3540    -7.2  C   1.8  0.2  0.2  94
2018-10-03 14:06:25.361389004  38.8050 -112.3872    -3.7  C   0.1  0.4  0.4 119
2018-10-03 14:06:25.370194324  38.8239 -112.3487    -8.1  G   1.2  0.2  0.1 172
2018-10-03 14:06:25.453416132  38.8299 -112.3332   -12.0  G   0.6  0.2  0.1  78
2018-10-03 14:06:25.470491461  38.8330 -112.3457    -3.8  G   0.4  4.7  0.2 108
2018-10-03 14:08:04.149676800  38.8264 -112.3405    -9.2  C   1.1  0.2  0.1  87
2018-10-03 14:08:04.149791465  38.8468 -112.3482    -6.3  C   1.7  1.1  0.3 150
2018-10-03 14:08:04.149867118  38.8338 -112.3337    -4.0  C   0.0  1.4  0.3 146
2018-10-03 14:08:04.152687192  38.8241 -112.3380   -23.5  G   0.8  0.2  0.1  73
2018-10-03 14:12:27.102344010  38.8052 -112.3117    +7.1  C   3.6  0.3  0.2  15
2018-10-03 14:13:14.220212994  38.8068 -112.3306   -12.0  C   0.2  0.2  0.1 158
2018-10-03 14:13:14.220410771  38.8313 -112.3141    -8.5  C   0.0  0.4  0.4   8
2018-10-03 14:13:14.220807122  38.8245 -112.3154   -10.0  C   2.6  0.4  0.4  49
2018-10-03 14:13:14.220848566  38.8331 -112.3160    -6.2  C   0.0  0.4  0.4   8
2018-10-03 14:13:14.220955405  38.8104 -112.3278   -16.2  C   1.4  1.2  0.2 134
2018-10-03 14:13:14.220963869  38.8245 -112.3078   -14.8  C   0.0  0.4  0.4  87
2018-10-03 14:13:14.221046041  38.8257 -112.3178   -11.2  C   1.8  0.4  0.4  49
2018-10-03 14:14:58.751125471  38.8071 -112.3262   -15.2  C   1.3  0.2  0.1  50
2018-10-03 14:14:58.751176254  38.8064 -112.3454    -8.1  C   0.0  2.0  0.3 107
2018-10-03 14:14:58.803612645  38.8096 -112.3358    -9.8  C   1.0  0.2  0.1  78
2018-10-03 14:14:58.847140504  38.8147 -112.3122    -7.0  G   0.4  0.2  0.1 170
2018-10-03 14:20:42.247572699  38.8594 -112.2155   -10.2  C   0.2  0.8  0.2  34
2018-10-03 14:20:42.247707613  38.8760 -112.2154    -9.0  C   1.8  0.2  0.1  39
2018-10-03 14:20:42.251234960  38.8751 -112.2159   -21.6  G   0.8  0.2  0.1  45
2018-10-03 14:27:28.594505650  38.8167 -112.2424   -10.7  C   0.1  3.3  0.3  48
2018-10-03 15:25:54.672587006  38.8004 -112.6357    -3.3  C   0.0  0.4  0.4 114
2018-10-03 15:25:54.852979688  38.8004 -112.5692    -9.9  G   0.9  0.2  0.1 120
2018-10-03 15:33:10.029669731  38.8013 -112.5562    +4.8  C   1.0  0.2  0.2 146
2018-10-03 15:33:10.032634821  38.8088 -112.5485    +4.7  C   0.0  3.7  0.2 107
2018-10-03 15:33:10.034254719  38.8115 -112.5457   +10.3  C   1.2  0.2  0.2  28
2018-10-03 15:33:27.218656156  38.8056 -112.5514   -12.2  C   5.3  0.2  0.1  97
2018-10-03 15:35:09.048497649  38.8313 -112.5400   -11.6  C   0.7  0.2  0.1  75
2018-10-03 15:35:42.786691574  38.8088 -112.5223   +16.0  C   0.5  0.2  0.1  80
2018-10-03 15:35:42.793259962  38.8157 -112.5248    +4.3  C   0.8  0.3  0.2 115
2018-10-03 15:36:16.885490334  38.8006 -112.5654    -5.8  G   0.1  0.3  0.2 116
2018-10-03 15:36:17.371697615  38.8006 -112.5649    -9.3  G   0.4  0.2  0.2  80
2018-10-03 15:36:17.433685778  38.8006 -112.5661    -7.7  G   1.2  0.3  0.2 115
2018-10-03 15:36:17.500632914  38.8005 -112.5654   -10.0  G   1.0  0.2  0.2  79
2018-10-03 15:36:41.808858999  38.8107 -112.5058   +16.5  C   0.7  0.2  0.1  89
2018-10-03 15:36:41.954991714  38.8142 -112.5268    -3.2  C   0.4  0.3  0.2 116
2018-10-03 15:37:19.786091201  38.8013 -112.5413   -11.6  G   0.6  0.2  0.1 137
2018-10-03 15:37:20.037736438  38.8354 -112.5299   -11.3  G   0.9  0.2  0.1   3
2018-10-03 15:37:32.171859780  38.8168 -112.4985    +5.5  C   1.0  0.3  0.2 115
2018-10-03 15:38:02.499447720  38.8379 -112.5989    -4.5  C   0.8  3.8  0.2 107
2018-10-03 15:38:22.182147940  38.8321 -112.5252   -11.6  G   0.4  0.2  0.1  17
2018-10-03 15:38:22.252632608  38.8480 -112.4949   -14.2  G   0.7  0.2  0.1  84
2018-10-03 15:38:22.300715502  38.8281 -112.5275    -9.4  C   0.4  0.2  0.2  83
2018-10-03 15:38:22.302250266  38.8402 -112.5127    +7.5  C   0.7  1.1  0.4 146
2018-10-03 15:38:22.302522130  38.9203 -112.3957    +3.4  C   0.1  0.4  0.4 115
2018-10-03 15:38:22.394620100  38.8359 -112.5270   -38.4  G   7.3  0.2  0.1 149
2018-10-03 15:38:22.401048049  38.8354 -112.5237   -11.8  G  10.0  0.2  0.1 110
2018-10-03 15:39:01.871119737  38.8198 -112.5185    +7.6  C   1.0  0.2  0.1  69
2018-10-03 15:39:01.871126697  38.8199 -112.5210    +8.6  C   0.6  0.4  0.4  76
2018-10-03 15:39:23.970253474  38.8069 -112.4694    +3.7  C   0.1  4.5  0.2 107
2018-10-03 15:39:23.972033159  38.8190 -112.4816    +4.6  C   0.3  0.4  0.4 116
2018-10-03 15:39:23.972185312  38.8213 -112.4795    +4.4  C   0.3  0.4  0.4 116
2018-10-03 15:39:23.973915166  38.8214 -112.4793    +5.3  C   1.8  0.3  0.2 117
2018-10-03 15:39:57.164813529  38.8238 -112.4659    +4.9  C   0.0  0.4  0.4 117
2018-10-03 15:39:57.164856641  38.8244 -112.4645    +6.2  C   0.6  0.3  0.2 116
2018-10-03 15:39:57.566396517  38.8371 -112.4802    +5.9  C   0.6  0.4  0.2   7
2018-10-03 15:40:32.323101575  38.8055 -112.4853    -6.1  C   0.4  0.3  0.2  13
2018-10-03 15:40:32.324985737  38.8073 -112.4962   -11.0  C   1.0  0.2  0.1  39
2018-10-03 15:40:32.469713766  38.8050 -112.5333    -7.5  G   0.7  0.2  0.2 149
2018-10-03 15:40:32.473285616  38.8098 -112.4974    -4.7  G   0.3  3.9  0.2 107
2018-10-03 15:40:55.744098245  38.8324 -112.4821    +4.7  C   0.6  3.7  0.2 107
2018-10-03 15:41:19.306711545  38.8427 -112.4877    +4.9  C   0.7  0.4  0.2   7
2018-10-03 15:41:34.848648431  38.8120 -112.4817   -13.6  C   0.3  0.2  0.1  75
2018-10-03 15:41:35.015318944  38.8277 -112.5163   -10.2  C   0.7  0.2  0.1 114
2018-10-03 15:41:35.106796590  38.8119 -112.4829    -6.2  C   0.3  0.3  0.2 116
2018-10-03 15:41:35.119029809  38.8125 -112.4829    -4.6  C   0.1  0.3  0.2 116
2018-10-03 15:42:33.219042643  38.8334 -112.5007    -8.8  C   0.8  0.2  0.1 177
2018-10-03 15:43:19.438413072  38.8330 -112.4654   +11.2  C   0.9  0.2  0.2  82
2018-10-03 15:43:19.450730348  38.8452 -112.4451    +6.0  C   0.2  0.2  0.2 147
2018-10-03 15:43:19.472439470  38.8527 -112.4273    -3.3  C   0.6  0.3  0.2 116
2018-10-03 15:44:02.885011431  38.8321 -112.4594    +6.2  C   0.2  0.4  0.2   8
2018-10-03 15:44:03.062416988  38.8369 -112.4589    +4.7  C   1.3  0.3  0.2 116
2018-10-03 15:44:34.393497636  38.8419 -112.4727    -5.3  C   0.1  0.4  0.4 116
2018-10-03 15:44:34.393538756  38.8401 -112.4686    +9.0  C   0.6  0.2  0.1 152
2018-10-03 15:44:34.393736313  38.8400 -112.4671    -4.8  C   0.8  0.4  0.4 146
2018-10-03 15:44:34.393783722  38.8396 -112.4666    -5.8  C   0.7  0.4  0.4 148
2018-10-03 15:44:34.393980159  38.8371 -112.4640    -3.5  C   0.1  0.4  0.4 107
2018-10-03 15:44:34.609175288  38.8205 -112.5022    -8.8  C   0.4  0.2  0.1 177
2018-10-03 15:44:52.353108090  38.8343 -112.4574   +10.1  C   0.7  0.2  0.2  25
2018-10-03 15:44:52.355466874  38.8342 -112.4520    +7.1  C   1.9  0.2  0.2 140
2018-10-03 15:45:06.079786569  38.8465 -112.4640   -14.6  G   0.4  0.2  0.1  75
2018-10-03 15:45:06.110797495  38.8255 -112.4983    -6.0  G   0.9  0.3  0.2 115
2018-10-03 15:45:06.380536182  38.8487 -112.4742   -39.6  G   0.1  5.5  0.2 107
2018-10-03 15:45:06.380536472  38.8475 -112.4635   -31.3  G   0.4  0.2  0.1  44
2018-10-03 15:45:06.382191955  38.8547 -112.4326    -5.8  G   1.7  0.3  0.2 116
2018-10-03 15:45:06.399222517  38.8458 -112.4635    -8.3  G   1.9  0.2  0.2  27
2018-10-03 15:45:06.421737620  38.8466 -112.4652    -5.6  G   0.6  0.3  0.2 115
2018-10-03 15:45:06.422898165  38.8480 -112.4649    -7.5  G   1.3  0.4  0.2   7
2018-10-03 15:45:06.539084734  38.8464 -112.4650    -7.8  G   0.5  0.3  0.2 116
2018-10-03 15:45:06.552748136  38.8471 -112.4654   -12.7  G   0.6  0.2  0.1 171
2018-10-03 15:45:20.102587099  38.8384 -112.4523    +5.1  C   0.2  0.3  0.2 116
2018-10-03 15:45:37.549037961  38.8160 -112.4728    -4.8  G   1.5  0.3  0.2   0
2018-10-03 15:45:37.549666455  38.8466 -112.4420    -8.6  C   0.7  0.2  0.1  63
2018-10-03 15:45:37.653447188  38.8166 -112.4754    -8.2  G   0.6  0.3  0.2 115
2018-10-03 15:46:26.833632106  38.8589 -112.4555    -4.4  C   0.1  0.4  0.4   7
2018-10-03 15:46:26.833718799  38.8541 -112.4556    -6.9  C   1.3  0.3  0.2  15
2018-10-03 15:46:26.843017612  38.8512 -112.4507   -21.9  G   0.7  0.2  0.1 148
2018-10-03 15:46:26.860701969  38.8479 -112.4603   -20.9  G   0.6  0.2  0.1  75
2018-10-03 15:46:26.882172451  38.8492 -112.4601   -27.8  G   0.2  0.2  0.1  76
2018-10-03 15:46:26.901423126  38.8494 -112.4599   -23.0  G   0.4  0.2  0.1  76
2018-10-03 15:46:26.919474569  38.8494 -112.4602   -17.8  G   0.6  0.2  0.1  76
2018-10-03 15:46:26.965927350  38.8370 -112.4713    -9.8  C   0.2  0.2  0.2  97
2018-10-03 15:47:28.909181386  38.8403 -112.4202   +13.6  C   0.5  0.2  0.1  37
2018-10-03 15:47:28.910621824  38.8488 -112.4138    +4.2  C   0.0  0.4  0.4   8
2018-10-03 15:47:28.910688162  38.8431 -112.4154    +8.0  C   0.6  0.4  0.2   8
2018-10-03 15:47:28.910847327  38.8461 -112.4203    +4.0  C   0.1  0.4  0.4 116
2018-10-03 15:47:28.911356451  38.8496 -112.4187    +9.0  C   0.0  1.7  0.3 174
2018-10-03 15:47:28.911367167  38.8616 -112.3979    +8.3  C   0.0  3.8  0.3  38
2018-10-03 15:47:28.911410971  38.8421 -112.4151   +58.3  G   1.7  0.2  0.1 118
2018-10-03 15:48:08.400181244  38.8427 -112.3969    -7.3  C   0.3  0.4  0.4 108
2018-10-03 15:48:08.400338040  38.8529 -112.4071   -11.1  C   1.4  0.2  0.1  69
2018-10-03 15:48:08.400596854  38.8432 -112.3997    -8.7  C   0.2  0.4  0.4 108
2018-10-03 15:48:08.400883098  38.8408 -112.3927   -12.8  C   0.5  0.4  0.4 108
2018-10-03 15:48:08.406594177  38.8616 -112.4123   -20.1  G   0.4  0.2  0.1  77
2018-10-03 15:48:19.356543672  38.8441 -112.4215   +12.2  C   1.0  0.2  0.1  27
2018-10-03 15:48:49.947622039  38.8625 -112.4409   +17.2  C   1.6  0.2  0.1  32
2018-10-03 15:48:49.947624195  38.8703 -112.4660   +22.1  G   0.0  5.9  0.2 107
2018-10-03 15:48:49.948337660  38.8699 -112.4605    +2.6  C   0.0  0.4  0.4 115
2018-10-03 15:48:49.950138739  38.8627 -112.4380    +6.0  C   3.5  0.2  0.2 113
2018-10-03 15:49:00.932694310  38.8577 -112.4424    -6.8  C   0.9  0.2  0.2 148
2018-10-03 15:49:00.965110367  38.8743 -112.3943   -10.8  G   0.8  0.2  0.1 123
2018-10-03 15:49:00.993680806  38.8609 -112.4185   -15.0  G   0.4  0.2  0.1  78
2018-10-03 15:49:01.055320176  38.8633 -112.4454   -15.5  G   0.4  0.2  0.1  74
2018-10-03 15:49:01.138193456  38.8655 -112.4227   -20.2  G   0.4  0.2  0.1  78
2018-10-03 15:49:01.183296110  38.8658 -112.4236    -7.3  G   1.2  0.3  0.2 115
2018-10-03 15:49:23.526801871  38.8486 -112.4175   +16.3  C   0.7  0.2  0.1  79
2018-10-03 15:50:01.893614218  38.8632 -112.4256    +6.2  C   0.1  0.4  0.4 115
2018-10-03 15:50:01.894057142  38.8695 -112.4293   +21.2  C   0.7  0.2  0.1  20
2018-10-03 15:50:01.894445712  38.8673 -112.4296   +17.4  C   0.4  0.2  0.1  18
2018-10-03 15:50:01.894455947  38.8646 -112.4306   +24.2  C   0.2  0.4  0.4 115
2018-10-03 15:50:01.895565464  38.8673 -112.4269    +8.3  C   0.6  0.2  0.1  37
2018-10-03 15:50:01.898178786  38.8682 -112.4274    +6.5  C   0.6  0.2  0.1  68
2018-10-03 15:50:29.654991066  38.8546 -112.3950    +7.5  C   0.6  0.2  0.2 144
2018-10-03 15:51:12.318421716  38.8744 -112.3953   +13.2  C   1.1  0.2  0.1  87
2018-10-03 15:51:12.319136572  38.8691 -112.3954    +7.3  C   0.2  0.9  0.2 177
2018-10-03 15:51:12.319169186  38.8244 -112.3537    -5.4  C   2.2  4.5  0.2 149
2018-10-03 15:51:12.322147108  38.8739 -112.3987   +16.7  C   1.2  0.2  0.1  86
2018-10-03 15:51:12.332138156  38.8770 -112.3963    +5.3  C   0.4  0.2  0.2  91
2018-10-03 15:51:44.173910521  38.8737 -112.4138    +5.3  C   1.4  0.3  0.2 117
2018-10-03 15:51:44.174306292  38.8747 -112.4171    +8.2  C   0.8  0.3  0.2   1
2018-10-03 15:51:44.174771485  38.8506 -112.4406    +8.4  C   6.6  0.2  0.1  55
2018-10-03 15:51:44.175552965  38.8727 -112.4165    +4.9  C   1.1  0.3  0.2 116
2018-10-03 15:52:08.433419754  38.8873 -112.4078    +7.9  C   1.3  0.2  0.1  71
2018-10-03 15:53:19.398449734  38.8734 -112.3974    +6.9  C   0.1  0.4  0.2  45
2018-10-03 15:53:19.399211163  38.8787 -112.3978    +7.7  C   1.0  0.3  0.1  48
2018-10-03 15:53:19.399695464  38.8529 -112.3353    +4.6  C   6.5  4.2  0.2 107
2018-10-03 15:53:19.400810446  38.8727 -112.4001    +4.0  C   1.6  0.3  0.2 117
2018-10-03 15:53:19.404221533  38.8790 -112.3935    +6.3  C   1.8  0.3  0.2 115
2018-10-03 15:53:19.406852871  38.8899 -112.3945    +7.8  C   0.0  0.3  0.2 116
2018-10-03 15:53:19.606405153  38.8686 -112.3883    +7.1  C   0.6  0.3  0.2   0
2018-10-03 15:54:50.954768621  38.9368 -112.3919    +5.4  C   0.0  0.4  0.4   9
2018-10-03 15:54:50.954850878  38.8798 -112.4128   +15.2  C   0.4  0.2  0.2  88
2018-10-03 15:54:50.954975521  38.8785 -112.4154   +12.2  C   0.8  0.2  0.1 151
2018-10-03 15:54:50.955210020  38.9339 -112.3928    +5.9  C   0.1  0.4  0.4   8
2018-10-03 15:54:50.955593280  38.9391 -112.3952    +7.3  C   0.1  0.4  0.4   9
2018-10-03 15:54:51.090037192  38.8826 -112.4960   -28.1  G   0.5  0.2  0.1 111
2018-10-03 15:56:11.699205252  38.8813 -112.3647    +4.8  C   3.0  0.4  0.4 153
2018-10-03 15:56:11.699462685  38.8846 -112.3739    +8.8  C   1.5  0.2  0.1  58
2018-10-03 15:56:11.699758005  38.8829 -112.3643    +6.7  C   3.5  0.4  0.4 150
2018-10-03 15:56:11.700101343  38.8825 -112.3636    +5.8  C   3.6  0.4  0.4 149
2018-10-03 15:56:11.700466466  38.8872 -112.3707   +10.4  C   0.5  0.2  0.1  15
2018-10-03 15:56:11.706454999  38.8974 -112.3548    +6.2  C   0.9  0.3  0.2 117
2018-10-03 15:58:02.110208071  38.9016 -112.3565   +18.6  C   0.5  0.2  0.1  29
2018-10-03 15:58:02.110209621  38.8805 -112.3587   +18.4  C   0.1  4.4  0.5 172
2018-10-03 15:58:02.110384093  38.9160 -112.3482    +9.8  C   0.0  0.4  0.4   9
2018-10-03 15:58:02.110649519  38.9025 -112.3712    +5.0  C   0.2  0.4  0.4 115
2018-10-03 15:58:02.110853551  38.9037 -112.3582   +17.8  C   0.8  0.2  0.1  39
2018-10-03 15:58:02.110865867  38.9203 -112.3490   +19.9  C   0.1  0.4  0.4   9
2018-10-03 15:58:02.110958172  38.9190 -112.3435    +6.8  C   0.0  0.4  0.4   9
2018-10-03 15:58:02.111363639  38.9049 -112.3590   +10.7  C   1.1  0.2  0.1 174
2018-10-03 16:01:29.896469852  38.9319 -112.3508   +10.3  C   0.5  0.4  0.4 115
2018-10-03 16:01:29.896738162  38.9459 -112.3254   +15.7  C   0.0  1.6  0.3 175
2018-10-03 16:01:29.896739994  38.9280 -112.3054   +14.5  C   0.0  2.9  0.5  80
2018-10-03 16:01:29.896744813  38.9264 -112.3287   +15.4  C   0.4  0.6  0.2  35
2018-10-03 16:01:29.896905876  38.9249 -112.3269   +23.1  C   1.4  0.2  0.1 179
2018-10-03 16:01:29.896917940  38.9254 -112.3168   +22.9  C   0.0  2.8  0.5  79
2018-10-03 16:01:29.896918402  38.9293 -112.3233   +21.4  C   0.0  1.8  0.3 175
2018-10-03 16:01:29.896989065  38.9307 -112.3453    +5.5  C   0.3  0.4  0.4 116
2018-10-03 16:01:29.897153766  38.9302 -112.3443    +4.6  C   0.3  0.4  0.4 115
2018-10-03 16:01:29.897222381  38.9499 -112.3171    +6.6  C   0.4  0.4  0.4   9
2018-10-03 16:01:29.897476936  38.9297 -112.3469    +2.9  C   0.1  0.4  0.4 116
2018-10-03 16:01:29.897526132  38.9293 -112.3433    +3.1  C   0.1  0.4  0.4 116
2018-10-03 16:01:29.897796914  38.9319 -112.3530    +5.3  C   0.3  0.4  0.4 116
2018-10-03 16:01:29.904207744  38.9226 -112.3191    +3.1  C   0.7  0.3  0.2 116
2018-10-03 16:01:29.946175153  38.9173 -112.3271    +4.1  C   1.7  0.3  0.2 116
2018-10-03 16:10:29.920063635  38.8814 -112.2526    +3.1  C   0.0  0.4  0.4 118
2018-10-03 16:10:30.071234802  38.9184 -112.3240    +3.7  C   1.5  0.3  0.2 115
2018-10-03 16:12:20.453697790  38.8939 -112.2392    -5.3  C   2.6  0.4  0.4 152
2018-10-03 16:12:20.480158187  38.8969 -112.2508   -11.8  C   0.7  0.2  0.1  55
2018-10-03 16:12:20.505788297  38.8959 -112.2506    -9.7  G   2.0  0.2  0.1 143
2018-10-03 16:12:20.528098358  38.8984 -112.2498   -10.4  G   0.9  0.2  0.2  26
2018-10-03 16:12:20.558581288  38.8713 -112.2358   -11.0  G   0.9  0.2  0.1  47
2018-10-03 16:13:10.780913862  38.8997 -112.2532   -13.1  G   1.3  0.2  0.1  77
2018-10-03 16:13:10.815536049  38.8855 -112.2502    -9.1  G   0.4  0.2  0.2 146
2018-10-03 16:13:10.849675294  38.9121 -112.2348   -14.1  G   1.8  0.2  0.1  77
2018-10-03 16:13:10.885206234  38.9119 -112.2318    -9.4  G   1.7  0.2  0.1 113
2018-10-03 16:22:08.440791534  38.9334 -112.2035    +3.8  C   0.4  0.3  0.2 118
2018-10-03 16:30:24.050147908  38.8988 -112.2321   -16.4  G   1.0  0.2  0.1  75
2018-10-03 22:45:34.017752368  39.4593 -113.5801   -78.4  G   2.4  5.2  0.3 136
2018-10-03 23:16:28.407352519  39.6771 -113.6000    -3.1  C   0.0  0.4  0.4 150
2018-10-03 23:18:57.977724704  39.6527 -113.5940    -2.1  G   0.0 12.4  0.2 160
2018-10-03 23:19:45.715050935  39.7051 -113.5850    +5.3  C   1.8  0.5  0.2 160
2018-10-03 23:19:45.792119392  39.7196 -113.5668    +4.0  C   0.5  0.5  0.2 159
2018-10-03 23:22:27.721477098  39.7271 -113.5971    -4.8  C   0.4  0.5  0.2 160
2018-10-03 23:23:54.720865190  39.7326 -113.5848    +3.7  C   0.8  0.4  0.2  70
2018-10-03 23:26:25.118481577  39.7195 -113.5839    -4.4  C   0.1  0.4  0.4 150
2018-10-03 23:28:49.041281423  39.7490 -113.5984    -3.3  C   0.0  0.4  0.4 152
2018-10-03 23:28:49.041307529  39.7477 -113.5976    -4.6  C   0.0  0.4  0.4 152
2018-10-03 23:28:49.041655396  39.7497 -113.5966    -4.5  C   0.1  0.4  0.4 152
2018-10-03 23:32:31.571607355  39.7538 -113.5915    -4.5  C   0.7  0.4  0.4  42