1417   39.30298  -112.88425  1388.48
1418   39.31379  -112.88422  1388.00
1419   39.32460  -112.88420  1387.80
1420   39.33542  -112.88418  1386.65
1421   39.34623  -112.88416  1389.48
1422   39.35704  -112.88413  1389.88
1517   39.30296  -112.87033  1387.99
1518   39.31377  -112.87031  1388.00
1520   39.33540  -112.87026  1388.89
1521   39.34621  -112.87023  1389.50
1522   39.35702  -112.87021  1391.22
1618   39.31375  -112.85639  1389.03
1908   39.20500  -112.81359  1389.71
2110   39.22713  -112.78710  1389.38
2219   39.32441  -112.77283  1392.47
2312   39.24869  -112.75654  1396.10
1018   39.31383  -112.93992  1401.22
0918   39.31387  -112.95383  1409.42
0818   39.31388  -112.96773  1420.79
0718   39.31388  -112.98163  1432.87
0618   39.31380  -112.99557  1442.87
0518   39.31388  -113.00950  1456.49
0418   39.31385  -113.02340  1461.60
0318   39.31387  -113.03733  1506.93
0419   39.32467  -113.02308  1470.10
0519   39.32455  -113.00965  1469.66
0619   39.32467  -112.99555  1452.06
0819   39.32470  -112.96773  1430.42
0920   39.33548  -112.95378  1422.19
0820   39.33548  -112.96770  1436.66
0720   39.33548  -112.98163  1454.05
0620   39.33555  -112.99553  1465.03
0520   39.33550  -113.00948  1476.84
0621   39.34627  -112.99543  1484.86
0721   39.34633  -112.98163  1470.11
0821   39.34632  -112.96773  1449.60
0921   39.34632  -112.95380  1431.96
1021   39.34628  -112.93988  1422.19
1121   39.34628  -112.92593  1404.02
1221   39.34627  -112.91202  1393.38
1321   39.34625  -112.89808  1387.31
1320   39.33544  -112.89810  1389.29
1220   39.33544  -112.91202  1390.79
1120   39.33549  -112.92599  1395.83
1020   39.33547  -112.93988  1406.45
1322   39.35708  -112.89807  1390.68
1222   39.35707  -112.91198  1400.01
1122   39.35708  -112.92592  1412.00
1022   39.35710  -112.93983  1431.78
0922   39.35712  -112.95377  1452.82
0822   39.35712  -112.96770  1474.86
0722   39.35712  -112.98162  1491.20
0823   39.36780  -112.96743  1509.51
0923   39.36793  -112.95377  1469.17
1023   39.36787  -112.94002  1449.12
1123   39.36790  -112.92590  1419.06
1223   39.36788  -112.91197  1406.73
1424   39.37867  -112.88408  1398.17
1425   39.38947  -112.88407  1404.98
1325   39.38948  -112.89800  1415.34
1225   39.38952  -112.91193  1429.39
1125   39.38952  -112.92587  1446.46
1025   39.38952  -112.93990  1469.30
0924   39.37872  -112.95372  1486.34
1024   39.37872  -112.93982  1460.88
1124   39.37872  -112.92588  1434.33
1224   39.37870  -112.91195  1419.13
1324   39.37868  -112.89802  1405.05
2122   39.35680  -112.78642  1393.97
1620   39.33527  -112.85640  1391.12
1621   39.34617  -112.85635  1392.04
1722   39.35700  -112.84240  1390.97
2120   39.33523  -112.78672  1392.34
2021   39.34605  -112.80037  1392.84
1921   39.34612  -112.81452  1392.69
2020   39.33528  -112.80070  1392.23
1017   39.30303  -112.93992  1402.47
1016   39.29228  -112.93990  1403.40
1015   39.28145  -112.93990  1403.60
1014   39.27060  -112.93998  1398.50
1013   39.25978  -112.93997  1398.18
1113   39.25978  -112.92605  1394.43
1112   39.24898  -112.92607  1394.59
1012   39.24903  -112.93998  1397.30
1011   39.23817  -112.94002  1397.31
1111   39.23817  -112.92610  1393.98
1114   39.27060  -112.92607  1394.70
1115   39.28140  -112.92603  1396.60
0817   39.30308  -112.96775  1420.88
0816   39.29223  -112.96778  1420.97
0815   39.28143  -112.96777  1418.13
0814   39.27062  -112.96778  1418.36
0813   39.25982  -112.96778  1410.44
0812   39.24900  -112.96780  1407.60
0811   39.23832  -112.96777  1407.99
0810   39.22738  -112.96782  1407.98
0809   39.21657  -112.96783  1402.91
1010   39.22735  -112.94002  1396.91
0910   39.22737  -112.95392  1401.71
0911   39.23818  -112.95392  1400.25
0912   39.24898  -112.95388  1400.79
0913   39.25980  -112.95388  1403.60
0914   39.27062  -112.95387  1405.43
0915   39.28143  -112.95385  1412.28
0916   39.29223  -112.95383  1411.73
0917   39.30307  -112.95383  1410.69
0717   39.30307  -112.98165  1427.94
0716   39.29225  -112.98165  1427.30
0715   39.28145  -112.98167  1428.05
0714   39.27062  -112.98168  1418.45
0614   39.27032  -112.99585  1421.82
0613   39.25985  -112.99562  1424.91
0713   39.25982  -112.98170  1418.38
0712   39.24852  -112.98277  1426.00
0711   39.23818  -112.98172  1419.52
0710   39.22738  -112.98175  1414.25
0709   39.21657  -112.98172  1412.08
0708   39.20577  -112.98173  1409.10
0608   39.20577  -112.99562  1413.77
0609   39.21658  -112.99563  1418.01
0610   39.22750  -112.99583  1423.57
0611   39.23820  -112.99562  1427.34
0612   39.24900  -112.99562  1434.22
0615   39.28145  -112.99558  1427.75
0616   39.29227  -112.99558  1434.26
0617   39.30307  -112.99557  1436.46
1718   39.31373  -112.84245  1390.68
1617   39.30293  -112.85643  1388.26
1516   39.29213  -112.87032  1388.47
1616   39.29213  -112.85642  1387.87
1716   39.29210  -112.84248  1388.86
1717   39.30293  -112.84250  1389.34
1817   39.30285  -112.82863  1391.65
1816   39.29208  -112.82867  1390.45
1719   39.32452  -112.84243  1390.45
1819   39.32453  -112.82850  1391.14
1919   39.32448  -112.81460  1391.10
2019   39.32448  -112.80067  1392.40
2119   39.32442  -112.78673  1391.06
2118   39.31365  -112.78677  1392.57
2018   39.31368  -112.80072  1392.17
1918   39.31368  -112.81463  1391.78
1217   39.30302  -112.91210  1391.19
1216   39.29222  -112.91210  1392.09
1215   39.28137  -112.91210  1392.18
1214   39.27058  -112.91212  1396.39
1314   39.27055  -112.89820  1390.28
1213   39.25978  -112.91217  1392.66
1212   39.24895  -112.91220  1393.55
1313   39.25975  -112.89825  1391.08
1514   39.27053  -112.87042  1387.87
1414   39.27053  -112.88433  1388.88
1415   39.28138  -112.88428  1388.53
1315   39.28137  -112.89823  1389.98
1316   39.29220  -112.89818  1389.73
1317   39.30300  -112.89815  1390.51
1319   39.32458  -112.89813  1390.44
1219   39.32462  -112.91200  1391.49
1119   39.32465  -112.92597  1393.61
1019   39.32467  -112.93988  1400.25
0919   39.32467  -112.95383  1415.06
0719   39.32470  -112.98164  1441.04
1925   39.38932  -112.81470  1392.44
2024   39.37853  -112.80050  1394.17
1924   39.37857  -112.81443  1391.39
1923   39.36772  -112.81445  1391.57
1824   39.37858  -112.82837  1393.70
1724   39.37862  -112.84248  1397.13
1624   39.37863  -112.85622  1396.08
1524   39.37865  -112.87017  1397.67
1723   39.36778  -112.84232  1392.65
1623   39.36782  -112.85625  1393.34
1523   39.36783  -112.87017  1393.99
1423   39.36795  -112.88412  1392.45
1323   39.36787  -112.89803  1396.30
1526   39.40027  -112.87010  1412.80
1626   39.40027  -112.85618  1410.67
1726   39.40020  -112.84220  1404.58
1826   39.40025  -112.82830  1403.45
1825   39.38940  -112.82833  1397.50
1725   39.38940  -112.84223  1401.69
1625   39.38943  -112.85622  1401.33
1525   39.38947  -112.87015  1403.08
0517   39.30307  -113.00948  1445.08
0417   39.30308  -113.02342  1456.12
0317   39.30308  -113.03733  1501.85
0217   39.30283  -113.05050  1568.38
0116   39.29227  -113.06515  1487.90
0216   39.29227  -113.05123  1503.02
0316   39.29227  -113.03733  1476.28
0416   39.29203  -113.02347  1446.01
0516   39.29227  -113.00950  1437.17
0515   39.28145  -113.00950  1431.69
0415   39.28145  -113.02342  1441.04
0315   39.28145  -113.03733  1458.28
0314   39.27063  -113.03733  1453.72
0214   39.27063  -113.05123  1461.27
0114   39.27063  -113.06513  1470.49
0115   39.28185  -113.06515  1475.77
0215   39.28145  -113.05123  1469.90
1426   39.40027  -112.88403  1419.28
1226   39.40032  -112.91192  1440.60
1126   39.40033  -112.92582  1458.35
1218   39.31382  -112.91208  1391.87
1818   39.31373  -112.82855  1390.94
1917   39.30285  -112.81465  1390.97
1820   39.33533  -112.82848  1391.75
1720   39.33537  -112.84242  1390.97
1721   39.34617  -112.84238  1390.77
1318   39.31382  -112.89813  1389.73
1118   39.31383  -112.92598  1394.32
1117   39.30303  -112.92600  1394.20
1116   39.29220  -112.92602  1397.73
0113   39.26012  -113.06487  1465.62
0112   39.24903  -113.06513  1474.88
0111   39.23827  -113.06464  1491.82
0211   39.23820  -113.05123  1457.10
0311   39.23822  -113.03733  1450.13
0411   39.23823  -113.02333  1442.75
0511   39.23813  -113.00958  1436.89
0512   39.24902  -113.00948  1438.80
0412   39.24908  -113.02355  1446.22
0312   39.24900  -113.03738  1453.38
0212   39.24903  -113.05125  1458.53
0213   39.25980  -113.05127  1464.18
0313   39.25982  -113.03733  1455.43
0413   39.25980  -113.02338  1449.54
0513   39.25982  -113.00942  1433.30
0514   39.27065  -113.00952  1428.61
0414   39.27062  -113.02340  1441.10
0107   39.19505  -113.06520  1511.22
0305   39.17341  -113.03729  1445.65
0206   39.18484  -113.05044  1478.75
0306   39.18415  -113.03733  1454.57
0406   39.18475  -113.02435  1443.10
0607   39.19495  -112.99563  1417.85
0507   39.19497  -113.00953  1424.94
0407   39.19497  -113.02342  1448.68
0307   39.19497  -113.03732  1458.24
0207   39.19495  -113.05120  1475.61
0108   39.20565  -113.06495  1502.27
0208   39.20577  -113.05122  1476.15
0308   39.20577  -113.03733  1458.01
0408   39.20577  -113.02343  1453.77
0508   39.20577  -113.00953  1421.14
0509   39.21671  -113.00949  1425.52
0409   39.21658  -113.02343  1444.39
0309   39.21657  -113.03733  1451.64
0209   39.21688  -113.05122  1467.82
0109   39.21658  -113.06512  1504.84
0110   39.22762  -113.06534  1504.03
0210   39.22738  -113.05123  1459.25
0310   39.22738  -113.03733  1448.32
0410   39.22738  -113.02342  1439.03
0510   39.22738  -113.00952  1430.38
0803   39.15168  -112.96790  1399.71
0703   39.15170  -112.98178  1400.16
0603   39.15232  -112.99587  1403.13
0503   39.15172  -113.00957  1408.79
0404   39.16233  -113.02295  1424.43
0504   39.16252  -113.00955  1419.09
0604   39.16252  -112.99567  1405.87
0704   39.16252  -112.98177  1406.35
0804   39.16255  -112.96788  1404.96
0705   39.17328  -112.98180  1409.61
0605   39.17333  -112.99567  1409.83
0505   39.17327  -113.01027  1422.44
0405   39.17333  -113.02343  1434.79
0506   39.18413  -113.00953  1426.81
0606   39.18413  -112.99565  1415.04
0706   39.18413  -112.98177  1420.54
1701   39.12992  -112.84298  1393.40
1801   39.12988  -112.82908  1393.11
1902   39.14070  -112.81520  1392.67
1802   39.14072  -112.82907  1391.58
1702   39.14073  -112.84295  1391.49
1602   39.14077  -112.85682  1391.17
1502   39.14077  -112.87072  1389.76
1504   39.16225  -112.87038  1389.52
1604   39.16242  -112.85675  1390.16
1704   39.16237  -112.84287  1388.79
1804   39.16233  -112.82898  1387.10
1904   39.16233  -112.81512  1387.04
2004   39.16228  -112.80122  1391.26
1903   39.15147  -112.81515  1391.77
1803   39.15152  -112.82902  1391.02
1703   39.15153  -112.84293  1390.16
1603   39.15155  -112.85682  1389.42
1503   39.15078  -112.87217  1389.00
1601   39.12993  -112.85687  1393.53
1501   39.12997  -112.87073  1394.44
1301   39.13000  -112.89852  1389.12
1201   39.13002  -112.91238  1387.78
1101   39.13003  -112.92627  1386.47
1001   39.13133  -112.93860  1385.01
1002   39.14087  -112.94013  1386.77
0802   39.14088  -112.96792  1387.83
0902   39.14087  -112.95402  1386.20
0901   39.13005  -112.95403  1381.00
0801   39.13007  -112.96792  1385.66
0701   39.13007  -112.98180  1389.48
0602   39.14088  -112.99568  1396.80
0702   39.14088  -112.98178  1390.91
2207   39.19467  -112.77162  1455.19
2307   39.19462  -112.75942  1459.83
2408   39.20540  -112.74548  1450.63
2308   39.20543  -112.75938  1462.18
2309   39.21733  -112.76067  1506.65
2409   39.21622  -112.74543  1451.31
2410   39.22785  -112.74882  1486.84
2411   39.23783  -112.74535  1457.35
1209   39.21652  -112.91223  1390.67
1110   39.22733  -112.92612  1391.38
1210   39.22733  -112.91222  1397.49
1211   39.23813  -112.91218  1394.48
1311   39.23812  -112.89828  1390.80
1312   39.24893  -112.89827  1390.88
1412   39.24892  -112.88437  1389.47
1309   39.21650  -112.89833  1388.81
1409   39.21648  -112.88443  1389.33
1510   39.22727  -112.87052  1388.12
1511   39.23808  -112.87048  1388.92
1512   39.24890  -112.87047  1388.45
1411   39.23812  -112.88438  1389.07
1310   39.22732  -112.89832  1389.37
1410   39.22728  -112.88442  1390.81
0806   39.18373  -112.96812  1410.91
0906   39.18413  -112.95398  1393.78
1006   39.18412  -112.94008  1390.09
1106   39.18408  -112.92617  1388.81
1206   39.18410  -112.91228  1388.04
1308   39.20568  -112.89837  1389.52
1307   39.19508  -112.89797  1388.11
1407   39.19487  -112.88448  1389.00
1507   39.19483  -112.87058  1389.04
1406   39.18400  -112.88453  1388.85
1506   39.18407  -112.87063  1388.51
1606   39.18400  -112.85672  1389.43
1607   39.19482  -112.85668  1389.94
1608   39.20563  -112.85667  1389.56
1609   39.21645  -112.85665  1389.46
1508   39.20577  -112.87070  1388.67
1408   39.20548  -112.88418  1388.47
2010   39.22708  -112.80095  1389.47
2111   39.23793  -112.78702  1391.75
2112   39.24890  -112.78710  1391.88
2012   39.24877  -112.80093  1390.61
1912   39.24877  -112.81477  1391.02
1712   39.24883  -112.84260  1388.99
1612   39.24885  -112.85658  1389.44
1611   39.23780  -112.85677  1391.07
1710   39.22730  -112.84290  1389.44
1711   39.23787  -112.84218  1390.09
1811   39.23800  -112.82878  1389.95
1911   39.23802  -112.81487  1391.15
2011   39.23793  -112.80095  1390.26
1910   39.22718  -112.81487  1390.67
1810   39.22718  -112.82880  1391.07
2315   39.28113  -112.75903  1390.97
2316   39.29197  -112.75910  1391.68
2117   39.30283  -112.78685  1391.13
2017   39.30283  -112.80075  1390.97
2016   39.29207  -112.80080  1392.63
1915   39.28127  -112.81477  1390.97
1914   39.27048  -112.81477  1389.47
2014   39.27063  -112.80145  1393.36
2015   39.28123  -112.80082  1391.13
2116   39.29200  -112.78687  1390.93
2216   39.29198  -112.77295  1391.97
2115   39.28137  -112.78752  1391.93
2114   39.27037  -112.78695  1389.47
2214   39.27038  -112.77302  1391.06
2212   39.24873  -112.77312  1390.90
2317   39.30279  -112.75901  1392.43
2217   39.30279  -112.77292  1392.27
1009   39.21655  -112.94003  1393.86
1109   39.21657  -112.92613  1390.58
1208   39.20568  -112.91220  1389.59
1108   39.20575  -112.92615  1390.57
1008   39.20572  -112.94008  1392.17
0908   39.20572  -112.95392  1394.87
0808   39.20575  -112.96782  1401.48
0707   39.19497  -112.98177  1407.97
0807   39.19492  -112.96785  1399.92
0907   39.19492  -112.95397  1394.47
1007   39.19490  -112.94007  1391.75
1107   39.19490  -112.92618  1389.98
1207   39.19488  -112.91228  1388.83
1306   39.18415  -112.89798  1388.02
0909   39.21660  -112.95398  1398.77
1505   39.17322  -112.87043  1389.45
1605   39.17318  -112.85675  1387.86
1705   39.17317  -112.84287  1389.28
1305   39.17325  -112.89842  1388.41
1205   39.17330  -112.91230  1386.57
1105   39.17328  -112.92620  1387.16
1005   39.17328  -112.94008  1388.86
0905   39.17272  -112.95428  1395.23
0805   39.17332  -112.96787  1398.19
0904   39.16287  -112.95008  1388.11
0903   39.15168  -112.95402  1387.48
1003   39.15212  -112.94012  1388.27
1103   39.15167  -112.92623  1387.87
1203   39.15163  -112.91235  1388.77
1303   39.15162  -112.89847  1388.37
1513   39.25985  -112.87095  1387.98
1614   39.27050  -112.85650  1388.84
1714   39.27048  -112.84258  1388.55
1814   39.27047  -112.82868  1389.47
1813   39.25993  -112.82863  1389.26
1913   39.25962  -112.81480  1390.87
2113   39.25957  -112.78698  1391.83
2213   39.25953  -112.77307  1392.43
2313   39.25950  -112.75917  1395.74
2211   39.23792  -112.77315  1390.97
2412   39.24865  -112.74530  1393.14
2311   39.23787  -112.75925  1391.39
2310   39.22762  -112.75972  1398.50
2210   39.22708  -112.77320  1390.69
2218   39.31361  -112.77287  1392.51
2220   39.33522  -112.77279  1395.39
2107   39.19468  -112.78723  1388.73
2006   39.18390  -112.80115  1388.92
2005   39.17305  -112.80112  1390.89
2105   39.17307  -112.78727  1388.90
2106   39.18387  -112.78727  1388.62
2206   39.18382  -112.77340  1397.63
1808   39.20558  -112.82888  1389.95
1708   39.20562  -112.84277  1390.07
1709   39.21643  -112.84273  1390.97
1809   39.21640  -112.82885  1390.37
1909   39.21637  -112.81493  1391.00
1907   39.19472  -112.81500  1390.12
1906   39.18393  -112.81503  1389.37
1905   39.17347  -112.81452  1391.67
1304   39.16243  -112.89843  1388.52
1204   39.16245  -112.91233  1387.49
1104   39.16247  -112.92623  1387.10
1004   39.16248  -112.94003  1385.83
1805   39.17313  -112.82897  1389.09
1706   39.18398  -112.84283  1389.59
1707   39.19478  -112.84280  1390.97
1807   39.19477  -112.82890  1390.88
1806   39.18397  -112.82893  1387.01
2007   39.19472  -112.80112  1390.39
2008   39.20553  -112.80107  1390.10
2009   39.21633  -112.80103  1389.50
2109   39.21632  -112.78713  1390.97
2108   39.20550  -112.78717  1390.97
2209   39.21628  -112.77323  1392.65
1102   39.13908  -112.92840  1386.70
1202   39.13969  -112.90999  1389.43
1302   39.14035  -112.89849  1388.57
1401   39.12948  -112.88461  1392.29
1402   39.14037  -112.88461  1390.62
1403   39.15270  -112.88457  1388.75
1404   39.16417  -112.88455  1389.11
1405   39.17282  -112.88478  1389.31
2314   39.26987  -112.75912  1390.86
2215   39.28118  -112.77242  1392.53
1610   39.22733  -112.85836  1391.12
1509   39.21608  -112.87018  1389.53
1413   39.26096  -112.88275  1388.98
2123   39.36683  -112.78548  1395.33
2022   39.35619  -112.80076  1392.85
1823   39.36732  -112.82850  1390.97
1822   39.35657  -112.82857  1391.37
1922   39.35658  -112.81441  1391.47
1622   39.35945  -112.85626  1390.97
1920   39.33492  -112.81468  1391.68
1821   39.34702  -112.82951  1390.97
1326   39.40032  -112.89798  1422.42
1715   39.28129  -112.84256  1389.00
1916   39.29206  -112.81470  1390.00
1815   39.28059  -112.82864  1389.00
1416   39.29217  -112.88427  1388.00
1515   39.28134  -112.87038  1389.00
1615   39.28132  -112.85647  1387.00
2023   39.36772  -112.80053  1393.00
1613   39.25801  -112.85652  1390.00
1713   39.25980  -112.84029  1391.00
1812   39.25121  -112.83113  1389.00
2013   39.25865  -112.80092  1388.00
1519   39.32457  -112.87342  1387.00
1427   39.41110  -112.88402  1438.00
1528   39.42190  -112.87008  1462.00
1527   39.41107  -112.87008  1461.00
1627   39.41088  -112.85685  1433.00
1727   39.41103  -112.84220  1408.00
1827   39.41102  -112.82830  1401.00
1628   39.42097  -112.85913  1454.00
1728   39.42185  -112.84218  1418.00
1828   39.42183  -112.82820  1400.00
0205   39.17333  -113.05122  1457.00
0304   39.16252  -113.03764  1435.00
0403   39.15172  -113.02343  1415.00
0502   39.14090  -113.00957  1396.00
0601   39.12965  -112.99569  1392.00
0106   39.18407  -113.06582  1528.00
2025   39.38987  -112.80091  1394.00
1927   39.41098  -112.81433  1396.00
1926   39.40018  -112.81440  1397.00
1619   39.32753  -112.85638  1390.00
2121   39.34556  -112.78671  1393.00
1327   39.41000  -112.89652  1430.00
1428   39.42173  -112.88388  1475.00
2208   39.20331  -112.77226  1471.00
2420   0 0 0 
2421   0 0 0 
4444   39.338451 -112.700904 1400.00
